0 5 16 18 13 14 10
1 3 16 18 13
2 0
3 0
4 2 16 18
5 1 16
6 3 16 18 13
7 0
8 1 16
9 2 16 18
10 4 16 18 13 14
11 1 16
12 4 16 18 13 14
13 1 16
14 2 16 18
15 3 16 18 13
16 3 16 18 13
17 0
18 3 16 18 13
19 2 16 18
20 4 16 18 13 14
21 1 16
22 1 16
23 3 16 18 13
24 2 16 18
25 0
26 0
27 2 16 18
28 2 16 18
29 3 16 18 13
30 0
31 3 16 18 13
32 0
33 1 16
34 1 16
35 2 16 18
36 2 16 18
37 0
38 0
39 1 16
40 0
41 3 16 18 13
42 1 16
43 4 16 18 13 14
44 0
45 2 16 18
46 3 16 18 13
47 2 16 18
48 0
49 0
50 2 16 18
51 1 18
52 4 16 18 13 14
53 3 16 18 13
54 0
55 0
56 0
57 2 16 18
58 1 16
59 3 16 18 13
60 1 16
61 4 16 18 13 14
62 3 16 18 13
63 1 16
64 4 16 18 13 14
65 0
66 2 16 18
67 2 16 18
68 3 16 18 13
69 4 16 18 13 14
70 2 16 18
71 4 16 18 13 14
72 3 16 18 13
73 2 16 18
74 1 16
75 2 16 18
76 2 16 18
77 1 14
78 4 16 18 13 14
79 2 16 18
80 2 16 18
81 4 16 18 13 14
82 0
83 2 16 18
84 2 16 18
85 4 16 18 13 14
86 2 16 18
87 2 16 18
88 2 16 18
89 4 16 18 13 14
90 1 16
91 1 18
92 1 16
93 1 16
94 1 16
95 1 16
96 2 16 18
97 0
98 2 16 18
99 3 16 18 13
