0 9 7 19 9 15 21 5 22 13 0
1 5 7 19 9 15 21
2 9 7 19 9 15 21 5 22 13 0
3 9 7 19 9 15 21 5 22 13 0
4 9 7 19 9 15 21 5 22 13 0
5 10 7 19 9 15 21 5 22 13 0 1
6 7 7 19 9 15 21 5 22
7 8 7 19 9 15 21 5 22 13
8 9 7 19 9 15 21 5 22 13 0
9 9 7 19 9 15 21 5 22 13 0
10 5 7 19 9 15 21
11 8 7 19 9 15 21 5 22 13
12 9 7 19 9 15 21 5 22 13 0
13 9 7 19 9 15 21 5 22 13 0
14 7 7 19 9 15 21 5 22
15 9 7 19 9 15 21 5 22 13 0
16 5 7 19 9 15 21
17 6 7 19 9 15 21 5
18 9 7 19 9 15 21 5 22 13 0
19 7 7 19 9 15 21 5 22
20 9 7 19 9 15 21 5 22 13 0
21 7 7 19 9 15 21 5 22
22 9 7 19 9 15 21 5 22 13 0
23 9 7 19 9 15 21 5 22 13 0
24 7 7 19 9 15 21 5 22
25 9 7 19 9 15 21 5 22 13 0
26 9 7 19 9 15 21 5 22 13 0
27 7 7 19 9 15 21 5 22
28 5 7 19 9 15 21
29 9 7 19 9 15 21 5 22 13 0
30 9 7 19 9 15 21 5 22 13 0
31 9 7 19 9 15 21 5 22 13 0
32 7 7 19 9 15 21 5 22
33 5 7 19 9 15 21
34 9 7 19 9 15 21 5 22 13 0
35 6 7 19 9 15 21 5
36 9 7 19 9 15 21 5 22 13 0
37 7 7 19 9 15 21 5 22
38 5 7 19 9 15 21
39 7 7 19 9 15 21 5 22
40 9 7 19 9 15 21 5 22 13 0
41 5 7 19 9 15 21
42 9 7 19 9 15 21 5 22 13 0
43 9 7 19 9 15 21 5 22 13 0
44 5 7 19 9 15 21
45 5 7 19 9 15 21
46 5 7 19 9 15 21
47 10 7 19 9 15 21 5 22 13 0 1
48 7 7 19 9 15 21 5 22
49 7 7 19 9 15 21 5 22
50 9 7 19 9 15 21 5 22 13 0
51 7 7 19 9 15 21 5 22
52 9 7 19 9 15 21 5 22 13 0
53 7 7 19 9 15 21 5 22
54 10 7 19 9 15 21 5 22 13 0 1
55 9 7 19 9 15 21 5 22 13 0
56 6 7 19 9 15 21 5
57 4 7 19 9 15
58 7 7 19 9 15 21 5 22
59 9 7 19 9 15 21 5 22 13 0
60 8 7 19 9 15 21 5 22 13
61 7 7 19 9 15 21 5 22
62 5 7 19 9 15 21
63 10 7 19 9 15 21 5 22 13 0 1
64 9 7 19 9 15 21 5 22 13 0
65 9 7 19 9 15 21 5 22 13 0
66 7 7 19 9 15 21 5 22
67 9 7 19 9 15 21 5 22 13 0
68 4 7 19 9 15
69 6 7 19 9 15 21 5
70 8 7 19 9 15 21 5 22 13
71 6 7 19 9 15 21 5
72 5 7 19 9 15 21
73 9 7 19 9 15 21 5 22 13 0
74 9 7 19 9 15 21 5 22 13 0
75 4 7 19 9 15
76 9 7 19 9 15 21 5 22 13 0
77 9 7 19 9 15 21 5 22 13 0
78 4 7 19 9 15
79 6 7 19 9 15 21 5
80 4 7 19 9 15
81 9 7 19 9 15 21 5 22 13 0
82 9 7 19 9 15 21 5 22 13 0
83 6 7 19 9 15 21 5
84 9 7 19 9 15 21 5 22 13 0
85 5 7 19 9 15 21
86 5 7 19 9 15 21
87 9 7 19 9 15 21 5 22 13 0
88 9 7 19 9 15 21 5 22 13 0
89 9 7 19 9 15 21 5 22 13 0
90 10 7 19 9 15 21 5 22 13 0 1
91 9 7 19 9 15 21 5 22 13 0
92 9 7 19 9 15 21 5 22 13 0
93 10 7 19 9 15 21 5 22 13 0 1
94 9 7 19 9 15 21 5 22 13 0
95 7 7 19 9 15 21 5 22
96 5 7 19 9 15 21
97 5 7 19 9 15 21
98 9 7 19 9 15 21 5 22 13 0
99 5 7 19 9 15 21
100 10 7 19 9 15 21 5 22 13 0 1
101 9 7 19 9 15 21 5 22 13 0
102 9 7 19 9 15 21 5 22 13 0
103 4 7 19 9 15
104 4 7 19 9 15
105 5 7 19 9 15 21
106 9 7 19 9 15 21 5 22 13 0
107 5 7 19 9 15 21
108 4 7 19 9 15
109 10 7 19 9 15 21 5 22 13 0 1
110 8 7 19 9 15 21 5 22 13
111 9 7 19 9 15 21 5 22 13 0
112 7 7 19 9 15 21 5 22
113 5 7 19 9 15 21
114 10 7 19 9 15 21 5 22 13 0 1
115 5 7 19 9 15 21
116 7 7 19 9 15 21 5 22
117 9 7 19 9 15 21 5 22 13 0
118 9 7 19 9 15 21 5 22 13 0
119 5 7 19 9 15 21
120 9 7 19 9 15 21 5 22 13 0
121 6 7 19 9 15 21 5
122 9 7 19 9 15 21 5 22 13 0
123 9 7 19 9 15 21 5 22 13 0
124 9 7 19 9 15 21 5 22 13 0
125 5 7 19 9 15 21
126 7 7 19 9 15 21 5 22
127 5 7 19 9 15 21
128 5 7 19 9 15 21
129 9 7 19 9 15 21 5 22 13 0
130 9 7 19 9 15 21 5 22 13 0
131 6 7 19 9 15 21 5
132 9 7 19 9 15 21 5 22 13 0
133 5 7 19 9 15 21
134 5 7 19 9 15 21
135 9 7 19 9 15 21 5 22 13 0
136 9 7 19 9 15 21 5 22 13 0
137 7 7 19 9 15 21 5 22
138 9 7 19 9 15 21 5 22 13 0
139 8 7 19 9 15 21 5 22 13
140 9 7 19 9 15 21 5 22 13 0
141 10 7 19 9 15 21 5 22 13 0 1
142 6 7 19 9 15 21 5
143 4 7 19 9 15
144 10 7 19 9 15 21 5 22 13 0 1
145 9 7 19 9 15 21 5 22 13 0
146 5 7 19 9 15 21
147 7 7 19 9 15 21 5 22
148 5 7 19 9 15 21
149 9 7 19 9 15 21 5 22 13 0
150 9 7 19 9 15 21 5 22 13 0
151 5 7 19 9 15 21
152 9 7 19 9 15 21 5 22 13 0
153 9 7 19 9 15 21 5 22 13 0
154 5 7 19 9 15 21
155 5 7 19 9 15 21
156 9 7 19 9 15 21 5 22 13 0
157 9 7 19 9 15 21 5 22 13 0
158 9 7 19 9 15 21 5 22 13 0
159 6 7 19 9 15 21 5
160 9 7 19 9 15 21 5 22 13 0
161 9 7 19 9 15 21 5 22 13 0
162 8 7 19 9 15 21 5 22 13
163 7 7 19 9 15 21 5 22
164 5 7 19 9 15 21
165 9 7 19 9 15 21 5 22 13 0
166 6 7 19 9 15 21 5
167 6 7 19 9 15 21 5
168 9 7 19 9 15 21 5 22 13 0
169 9 7 19 9 15 21 5 22 13 0
170 7 7 19 9 15 21 5 22
171 9 7 19 9 15 21 5 22 13 0
172 8 7 19 9 15 21 5 22 13
173 9 7 19 9 15 21 5 22 13 0
174 7 7 19 9 15 21 5 22
175 5 7 19 9 15 21
176 7 7 19 9 15 21 5 22
177 9 7 19 9 15 21 5 22 13 0
178 5 7 19 9 15 21
179 9 7 19 9 15 21 5 22 13 0
180 9 7 19 9 15 21 5 22 13 0
181 5 7 19 9 15 21
182 9 7 19 9 15 21 5 22 13 0
183 5 7 19 9 15 21
184 9 7 19 9 15 21 5 22 13 0
185 8 7 19 9 15 21 5 22 13
186 9 7 19 9 15 21 5 22 13 0
187 6 7 19 9 15 21 5
188 8 7 19 9 15 21 5 22 13
189 9 7 19 9 15 21 5 22 13 0
190 10 7 19 9 15 21 5 22 13 0 1
191 7 7 19 9 15 21 5 22
192 9 7 19 9 15 21 5 22 13 0
193 9 7 19 9 15 21 5 22 13 0
194 5 7 19 9 15 21
195 9 7 19 9 15 21 5 22 13 0
196 7 7 19 9 15 21 5 22
197 6 7 19 9 15 21 5
198 5 7 19 9 15 21
199 9 7 19 9 15 21 5 22 13 0
200 9 7 19 9 15 21 5 22 13 0
201 10 7 19 9 15 21 5 22 13 0 1
202 4 7 19 9 15
203 5 7 19 9 15 21
204 6 7 19 9 15 21 5
205 6 7 19 9 15 21 5
206 5 7 19 9 15 21
207 9 7 19 9 15 21 5 22 13 0
208 9 7 19 9 15 21 5 22 13 0
209 7 7 19 9 15 21 5 22
210 9 7 19 9 15 21 5 22 13 0
211 8 7 19 9 15 21 5 22 13
212 6 7 19 9 15 21 5
213 5 7 19 9 15 21
214 9 7 19 9 15 21 5 22 13 0
215 5 7 19 9 15 21
216 9 7 19 9 15 21 5 22 13 0
217 5 7 19 9 15 21
218 6 7 19 9 15 21 5
219 9 7 19 9 15 21 5 22 13 0
220 9 7 19 9 15 21 5 22 13 0
221 5 7 19 9 15 21
222 4 7 19 9 15
223 6 7 19 9 15 21 5
224 5 7 19 9 15 21
225 9 7 19 9 15 21 5 22 13 0
226 9 7 19 9 15 21 5 22 13 0
227 9 7 19 9 15 21 5 22 13 0
228 9 7 19 9 15 21 5 22 13 0
229 7 7 19 9 15 21 5 22
230 7 7 19 9 15 21 5 22
231 9 7 19 9 15 21 5 22 13 0
232 5 7 19 9 15 21
233 4 7 19 9 15
234 7 7 19 9 15 21 5 22
235 5 7 19 9 15 21
236 9 7 19 9 15 21 5 22 13 0
237 6 7 19 9 15 21 5
238 9 7 19 9 15 21 5 22 13 0
239 9 7 19 9 15 21 5 22 13 0
240 9 7 19 9 15 21 5 22 13 0
241 9 7 19 9 15 21 5 22 13 0
242 9 7 19 9 15 21 5 22 13 0
243 7 7 19 9 15 21 5 22
244 5 7 19 9 15 21
245 3 7 19 9
246 9 7 19 9 15 21 5 22 13 0
247 9 7 19 9 15 21 5 22 13 0
248 6 7 19 9 15 21 5
249 6 7 19 9 15 21 5
250 9 7 19 9 15 21 5 22 13 0
251 9 7 19 9 15 21 5 22 13 0
252 5 7 19 9 15 21
253 9 7 19 9 15 21 5 22 13 0
254 9 7 19 9 15 21 5 22 13 0
255 9 7 19 9 15 21 5 22 13 0
256 4 7 19 9 15
257 9 7 19 9 15 21 5 22 13 0
258 5 7 19 9 15 21
259 9 7 19 9 15 21 5 22 13 0
260 10 7 19 9 15 21 5 22 13 0 1
261 9 7 19 9 15 21 5 22 13 0
262 7 7 19 9 15 21 5 22
263 9 7 19 9 15 21 5 22 13 0
264 7 7 19 9 15 21 5 22
265 7 7 19 9 15 21 5 22
266 6 7 19 9 15 21 5
267 5 7 19 9 15 21
268 8 7 19 9 15 21 5 22 13
269 6 7 19 9 15 21 5
270 5 7 19 9 15 21
271 10 7 19 9 15 21 5 22 13 0 1
272 9 7 19 9 15 21 5 22 13 0
273 6 7 19 9 15 21 5
274 7 7 19 9 15 21 5 22
275 9 7 19 9 15 21 5 22 13 0
276 7 7 19 9 15 21 5 22
277 9 7 19 9 15 21 5 22 13 0
278 7 7 19 9 15 21 5 22
279 5 7 19 9 15 21
280 9 7 19 9 15 21 5 22 13 0
281 7 7 19 9 15 21 5 22
282 9 7 19 9 15 21 5 22 13 0
283 10 7 19 9 15 21 5 22 13 0 1
284 9 7 19 9 15 21 5 22 13 0
285 7 7 19 9 15 21 5 22
286 9 7 19 9 15 21 5 22 13 0
287 11 7 19 9 15 21 5 22 13 0 1 2
288 9 7 19 9 15 21 5 22 13 0
289 7 7 19 9 15 21 5 22
290 5 7 19 9 15 21
291 10 7 19 9 15 21 5 22 13 0 1
292 4 7 19 9 15
293 6 7 19 9 15 21 5
294 9 7 19 9 15 21 5 22 13 0
295 4 7 19 9 15
296 9 7 19 9 15 21 5 22 13 0
297 9 7 19 9 15 21 5 22 13 0
298 7 7 19 9 15 21 5 22
299 9 7 19 9 15 21 5 22 13 0
300 8 7 19 9 15 21 5 22 13
301 8 7 19 9 15 21 5 22 13
302 9 7 19 9 15 21 5 22 13 0
303 6 7 19 9 15 21 5
304 9 7 19 9 15 21 5 22 13 0
305 8 7 19 9 15 21 5 22 13
306 6 7 19 9 15 21 5
307 6 7 19 9 15 21 5
308 8 7 19 9 15 21 5 22 13
309 9 7 19 9 15 21 5 22 13 0
310 9 7 19 9 15 21 5 22 13 0
311 7 7 19 9 15 21 5 22
312 6 7 19 9 15 21 5
313 8 7 19 9 15 21 5 22 13
314 5 7 19 9 15 21
315 9 7 19 9 15 21 5 22 13 0
316 5 7 19 9 15 21
317 9 7 19 9 15 21 5 22 13 0
318 6 7 19 9 15 21 5
319 9 7 19 9 15 21 5 22 13 0
320 9 7 19 9 15 21 5 22 13 0
321 6 7 19 9 15 21 5
322 9 7 19 9 15 21 5 22 13 0
323 7 7 19 9 15 21 5 22
324 3 7 19 9
325 9 7 19 9 15 21 5 22 13 0
326 5 7 19 9 15 21
327 9 7 19 9 15 21 5 22 13 0
328 9 7 19 9 15 21 5 22 13 0
329 10 7 19 9 15 21 5 22 13 0 1
330 8 7 19 9 15 21 5 22 13
331 5 7 19 9 15 21
332 9 7 19 9 15 21 5 22 13 0
333 6 7 19 9 15 21 5
334 4 7 19 9 15
335 3 7 19 9
336 4 7 19 9 15
337 5 7 19 9 15 21
338 7 7 19 9 15 21 5 22
339 7 7 19 9 15 21 5 22
340 6 7 19 9 15 21 5
341 4 7 19 9 15
342 9 7 19 9 15 21 5 22 13 0
343 7 7 19 9 15 21 5 22
344 5 7 19 9 15 21
345 5 7 19 9 15 21
346 9 7 19 9 15 21 5 22 13 0
347 5 7 19 9 15 21
348 5 7 19 9 15 21
349 5 7 19 9 15 21
350 9 7 19 9 15 21 5 22 13 0
351 7 7 19 9 15 21 5 22
352 8 7 19 9 15 21 5 22 13
353 9 7 19 9 15 21 5 22 13 0
354 9 7 19 9 15 21 5 22 13 0
355 7 7 19 9 15 21 5 22
356 9 7 19 9 15 21 5 22 13 0
357 7 7 19 9 15 21 5 22
358 9 7 19 9 15 21 5 22 13 0
359 7 7 19 9 15 21 5 22
360 7 7 19 9 15 21 5 22
361 7 7 19 9 15 21 5 22
362 5 7 19 9 15 21
363 9 7 19 9 15 21 5 22 13 0
364 9 7 19 9 15 21 5 22 13 0
365 7 7 19 9 15 21 5 22
366 10 7 19 9 15 21 5 22 13 0 1
367 9 7 19 9 15 21 5 22 13 0
368 9 7 19 9 15 21 5 22 13 0
369 9 7 19 9 15 21 5 22 13 0
370 9 7 19 9 15 21 5 22 13 0
371 7 7 19 9 15 21 5 22
372 9 7 19 9 15 21 5 22 13 0
373 7 7 19 9 15 21 5 22
374 9 7 19 9 15 21 5 22 13 0
375 8 7 19 9 15 21 5 22 13
376 9 7 19 9 15 21 5 22 13 0
377 9 7 19 9 15 21 5 22 13 0
378 9 7 19 9 15 21 5 22 13 0
379 9 7 19 9 15 21 5 22 13 0
380 7 7 19 9 15 21 5 22
381 6 7 19 9 15 21 5
382 5 7 19 9 15 21
383 4 7 19 9 15
384 9 7 19 9 15 21 5 22 13 0
385 9 7 19 9 15 21 5 22 13 0
386 9 7 19 9 15 21 5 22 13 0
387 7 7 19 9 15 21 5 22
388 9 7 19 9 15 21 5 22 13 0
389 7 7 19 9 15 21 5 22
390 9 7 19 9 15 21 5 22 13 0
391 9 7 19 9 15 21 5 22 13 0
392 9 7 19 9 15 21 5 22 13 0
393 5 7 19 9 15 21
394 9 7 19 9 15 21 5 22 13 0
395 8 7 19 9 15 21 5 22 13
396 5 7 19 9 15 21
397 7 7 19 9 15 21 5 22
398 8 7 19 9 15 21 5 22 13
399 6 7 19 9 15 21 5
400 7 7 19 9 15 21 5 22
401 9 7 19 9 15 21 5 22 13 0
402 9 7 19 9 15 21 5 22 13 0
403 6 7 19 9 15 21 5
404 7 7 19 9 15 21 5 22
405 9 7 19 9 15 21 5 22 13 0
406 9 7 19 9 15 21 5 22 13 0
407 9 7 19 9 15 21 5 22 13 0
408 7 7 19 9 15 21 5 22
409 7 7 19 9 15 21 5 22
410 9 7 19 9 15 21 5 22 13 0
411 9 7 19 9 15 21 5 22 13 0
412 9 7 19 9 15 21 5 22 13 0
413 6 7 19 9 15 21 5
414 9 7 19 9 15 21 5 22 13 0
415 5 7 19 9 15 21
416 4 7 19 9 15
417 9 7 19 9 15 21 5 22 13 0
418 9 7 19 9 15 21 5 22 13 0
419 8 7 19 9 15 21 5 22 13
420 6 7 19 9 15 21 5
421 9 7 19 9 15 21 5 22 13 0
422 5 7 19 9 15 21
423 5 7 19 9 15 21
424 6 7 19 9 15 21 5
425 5 7 19 9 15 21
426 9 7 19 9 15 21 5 22 13 0
427 5 7 19 9 15 21
428 9 7 19 9 15 21 5 22 13 0
429 5 7 19 9 15 21
430 9 7 19 9 15 21 5 22 13 0
431 9 7 19 9 15 21 5 22 13 0
432 9 7 19 9 15 21 5 22 13 0
433 9 7 19 9 15 21 5 22 13 0
434 9 7 19 9 15 21 5 22 13 0
435 9 7 19 9 15 21 5 22 13 0
436 6 7 19 9 15 21 5
437 5 7 19 9 15 21
438 7 7 19 9 15 21 5 22
439 5 7 19 9 15 21
440 8 7 19 9 15 21 5 22 13
441 10 7 19 9 15 21 5 22 13 0 1
442 9 7 19 9 15 21 5 22 13 0
443 9 7 19 9 15 21 5 22 13 0
444 10 7 19 9 15 21 5 22 13 0 1
445 7 7 19 9 15 21 5 22
446 9 7 19 9 15 21 5 22 13 0
447 5 7 19 9 15 21
448 9 7 19 9 15 21 5 22 13 0
449 9 7 19 9 15 21 5 22 13 0
450 7 7 19 9 15 21 5 22
451 5 7 19 9 15 21
452 10 7 19 9 15 21 5 22 13 0 1
453 9 7 19 9 15 21 5 22 13 0
454 9 7 19 9 15 21 5 22 13 0
455 7 7 19 9 15 21 5 22
456 7 7 19 9 15 21 5 22
457 9 7 19 9 15 21 5 22 13 0
458 10 7 19 9 15 21 5 22 13 0 1
459 10 7 19 9 15 21 5 22 13 0 1
460 7 7 19 9 15 21 5 22
461 8 7 19 9 15 21 5 22 13
462 9 7 19 9 15 21 5 22 13 0
463 7 7 19 9 15 21 5 22
464 7 7 19 9 15 21 5 22
465 5 7 19 9 15 21
466 3 7 19 9
467 6 7 19 9 15 21 5
468 9 7 19 9 15 21 5 22 13 0
469 9 7 19 9 15 21 5 22 13 0
470 7 7 19 9 15 21 5 22
471 6 7 19 9 15 21 5
472 6 7 19 9 15 21 5
473 5 7 19 9 15 21
474 5 7 19 9 15 21
475 9 7 19 9 15 21 5 22 13 0
476 9 7 19 9 15 21 5 22 13 0
477 9 7 19 9 15 21 5 22 13 0
478 9 7 19 9 15 21 5 22 13 0
479 5 7 19 9 15 21
480 9 7 19 9 15 21 5 22 13 0
481 5 7 19 9 15 21
482 9 7 19 9 15 21 5 22 13 0
483 8 7 19 9 15 21 5 22 13
484 9 7 19 9 15 21 5 22 13 0
485 8 7 19 9 15 21 5 22 13
486 5 7 19 9 15 21
487 7 7 19 9 15 21 5 22
488 5 7 19 9 15 21
489 6 7 19 9 15 21 5
490 10 7 19 9 15 21 5 22 13 0 1
491 9 7 19 9 15 21 5 22 13 0
492 6 7 19 9 15 21 5
493 9 7 19 9 15 21 5 22 13 0
494 5 7 19 9 15 21
495 6 7 19 9 15 21 5
496 7 7 19 9 15 21 5 22
497 7 7 19 9 15 21 5 22
498 6 7 19 9 15 21 5
499 9 7 19 9 15 21 5 22 13 0
