0 4 10 27 19 16
1 8 10 27 19 16 6 3 7 33
2 8 10 27 19 16 6 3 7 33
3 11 10 27 19 16 6 3 7 33 2 21 26
4 8 10 27 19 16 6 3 7 33
5 8 10 27 19 16 6 3 7 33
6 11 10 27 19 16 6 3 7 33 2 21 26
7 11 10 27 19 16 6 3 7 33 2 21 26
8 7 10 27 19 16 6 3 7
9 11 10 27 19 16 6 3 7 33 2 21 26
10 9 10 27 19 16 6 3 7 33 2
11 9 10 27 19 16 6 3 7 33 2
12 9 10 27 19 16 6 3 7 33 2
13 11 10 27 19 16 6 3 7 33 2 21 26
14 9 10 27 19 16 6 3 7 33 2
15 10 10 27 19 16 6 3 7 33 2 21
16 11 10 27 19 16 6 3 7 33 2 21 26
17 10 10 27 19 16 6 3 7 33 2 21
18 10 10 27 19 16 6 3 7 33 2 21
19 11 10 27 19 16 6 3 7 33 2 21 26
20 9 10 27 19 16 6 3 7 33 2
21 9 10 27 19 16 6 3 7 33 2
22 10 10 27 19 16 6 3 7 33 2 21
23 9 10 27 19 16 6 3 7 33 2
24 13 10 27 19 16 6 3 7 33 2 21 26 1 22
25 7 10 27 19 16 6 3 7
26 10 10 27 19 16 6 3 7 33 2 21
27 12 10 27 19 16 6 3 7 33 2 21 26 1
28 10 10 27 19 16 6 3 7 33 2 21
29 9 10 27 19 16 6 3 7 33 2
30 8 10 27 19 16 6 3 7 33
31 7 10 27 19 16 6 3 7
32 8 10 27 19 16 6 3 7 33
33 7 10 27 19 16 6 3 7
34 9 10 27 19 16 6 3 7 33 2
35 12 10 27 19 16 6 3 7 33 2 21 26 1
36 8 10 27 19 16 6 3 7 33
37 11 10 27 19 16 6 3 7 33 2 21 26
38 9 10 27 19 16 6 3 7 33 2
39 9 10 27 19 16 6 3 7 33 2
40 10 10 27 19 16 6 3 7 33 2 21
41 9 10 27 19 16 6 3 7 33 2
42 11 10 27 19 16 6 3 7 33 2 21 26
43 9 10 27 19 16 6 3 7 33 2
44 11 10 27 19 16 6 3 7 33 2 21 26
45 9 10 27 19 16 6 3 7 33 2
46 8 10 27 19 16 6 3 7 33
47 9 10 27 19 16 6 3 7 33 2
48 8 10 27 19 16 6 3 7 33
49 7 10 27 19 16 6 3 7
50 10 10 27 19 16 6 3 7 33 2 21
51 7 10 27 19 16 6 3 7
52 10 10 27 19 16 6 3 7 33 2 21
53 7 10 27 19 16 6 3 7
54 9 10 27 19 16 6 3 7 33 2
55 8 10 27 19 16 6 3 7 33
56 9 10 27 19 16 6 3 7 33 2
57 10 10 27 19 16 6 3 7 33 2 21
58 8 10 27 19 16 6 3 7 33
59 10 10 27 19 16 6 3 7 33 2 21
60 10 10 27 19 16 6 3 7 33 2 21
61 5 10 27 19 16 6
62 11 10 27 19 16 6 3 7 33 2 21 26
63 10 10 27 19 16 6 3 7 33 2 21
64 8 10 27 19 16 6 3 7 33
65 9 10 27 19 16 6 3 7 33 2
66 7 10 27 19 16 6 3 7
67 9 10 27 19 16 6 3 7 33 2
68 10 10 27 19 16 6 3 7 33 2 21
69 8 10 27 19 16 6 3 7 33
70 7 10 27 19 16 6 3 7
71 13 10 27 19 16 6 3 7 33 2 21 26 1 22
72 7 10 27 19 16 6 3 7
73 8 10 27 19 16 6 3 7 33
74 9 10 27 19 16 6 3 7 33 2
75 12 10 27 19 16 6 3 7 33 2 21 26 1
76 10 10 27 19 16 6 3 7 33 2 21
77 9 10 27 19 16 6 3 7 33 2
78 11 10 27 19 16 6 3 7 33 2 21 26
79 9 10 27 19 16 6 3 7 33 2
80 11 10 27 19 16 6 3 7 33 2 21 26
81 8 10 27 19 16 6 3 7 33
82 9 10 27 19 16 6 3 7 33 2
83 7 10 27 19 16 6 3 7
84 10 10 27 19 16 6 3 7 33 2 21
85 9 10 27 19 16 6 3 7 33 2
86 10 10 27 19 16 6 3 7 33 2 21
87 11 10 27 19 16 6 3 7 33 2 21 26
88 10 10 27 19 16 6 3 7 33 2 21
89 11 10 27 19 16 6 3 7 33 2 21 26
90 10 10 27 19 16 6 3 7 33 2 21
91 9 10 27 19 16 6 3 7 33 2
92 10 10 27 19 16 6 3 7 33 2 21
93 9 10 27 19 16 6 3 7 33 2
94 10 10 27 19 16 6 3 7 33 2 21
95 11 10 27 19 16 6 3 7 33 2 21 26
96 8 10 27 19 16 6 3 7 33
97 9 10 27 19 16 6 3 7 33 2
98 7 10 27 19 16 6 3 7
99 8 10 27 19 16 6 3 7 33
100 11 10 27 19 16 6 3 7 33 2 21 26
101 10 10 27 19 16 6 3 7 33 2 21
102 12 10 27 19 16 6 3 7 33 2 21 26 1
103 8 10 27 19 16 6 3 7 33
104 8 10 27 19 16 6 3 7 33
105 11 10 27 19 16 6 3 7 33 2 21 26
106 8 10 27 19 16 6 3 7 33
107 6 10 27 19 16 6 3
108 7 10 27 19 16 6 3 7
109 8 10 27 19 16 6 3 7 33
110 11 10 27 19 16 6 3 7 33 2 21 26
111 8 10 27 19 16 6 3 7 33
112 9 10 27 19 16 6 3 7 33 2
113 10 10 27 19 16 6 3 7 33 2 21
114 7 10 27 19 16 6 3 7
115 9 10 27 19 16 6 3 7 33 2
116 9 10 27 19 16 6 3 7 33 2
117 12 10 27 19 16 6 3 7 33 2 21 26 1
118 8 10 27 19 16 6 3 7 33
119 9 10 27 19 16 6 3 7 33 2
120 9 10 27 19 16 6 3 7 33 2
121 9 10 27 19 16 6 3 7 33 2
122 11 10 27 19 16 6 3 7 33 2 21 26
123 10 10 27 19 16 6 3 7 33 2 21
124 9 10 27 19 16 6 3 7 33 2
125 10 10 27 19 16 6 3 7 33 2 21
126 12 10 27 19 16 6 3 7 33 2 21 26 1
127 9 10 27 19 16 6 3 7 33 2
128 6 10 27 19 16 6 3
129 8 10 27 19 16 6 3 7 33
130 8 10 27 19 16 6 3 7 33
131 7 10 27 19 16 6 3 7
132 8 10 27 19 16 6 3 7 33
133 8 10 27 19 16 6 3 7 33
134 10 10 27 19 16 6 3 7 33 2 21
135 9 10 27 19 16 6 3 7 33 2
136 11 10 27 19 16 6 3 7 33 2 21 26
137 11 10 27 19 16 6 3 7 33 2 21 26
138 8 10 27 19 16 6 3 7 33
139 10 10 27 19 16 6 3 7 33 2 21
140 7 10 27 19 16 6 3 7
141 13 10 27 19 16 6 3 7 33 2 21 26 1 22
142 9 10 27 19 16 6 3 7 33 2
143 8 10 27 19 16 6 3 7 33
144 7 10 27 19 16 6 3 7
145 9 10 27 19 16 6 3 7 33 2
146 9 10 27 19 16 6 3 7 33 2
147 9 10 27 19 16 6 3 7 33 2
148 9 10 27 19 16 6 3 7 33 2
149 7 10 27 19 16 6 3 7
150 9 10 27 19 16 6 3 7 33 2
151 7 10 27 19 16 6 3 7
152 10 10 27 19 16 6 3 7 33 2 21
153 12 10 27 19 16 6 3 7 33 2 21 26 1
154 8 10 27 19 16 6 3 7 33
155 10 10 27 19 16 6 3 7 33 2 21
156 9 10 27 19 16 6 3 7 33 2
157 7 10 27 19 16 6 3 7
158 11 10 27 19 16 6 3 7 33 2 21 26
159 9 10 27 19 16 6 3 7 33 2
160 7 10 27 19 16 6 3 7
161 12 10 27 19 16 6 3 7 33 2 21 26 1
162 7 10 27 19 16 6 3 7
163 9 10 27 19 16 6 3 7 33 2
164 9 10 27 19 16 6 3 7 33 2
165 11 10 27 19 16 6 3 7 33 2 21 26
166 9 10 27 19 16 6 3 7 33 2
167 8 10 27 19 16 6 3 7 33
168 9 10 27 19 16 6 3 7 33 2
169 12 10 27 19 16 6 3 7 33 2 21 26 1
170 8 10 27 19 16 6 3 7 33
171 7 10 27 19 16 6 3 7
172 9 10 27 19 16 6 3 7 33 2
173 12 10 27 19 16 6 3 7 33 2 21 26 1
174 6 10 27 19 16 6 3
175 11 10 27 19 16 6 3 7 33 2 21 26
176 10 10 27 19 16 6 3 7 33 2 21
177 9 10 27 19 16 6 3 7 33 2
178 9 10 27 19 16 6 3 7 33 2
179 6 10 27 19 16 6 3
180 12 10 27 19 16 6 3 7 33 2 21 26 1
181 13 10 27 19 16 6 3 7 33 2 21 26 1 22
182 9 10 27 19 16 6 3 7 33 2
183 13 10 27 19 16 6 3 7 33 2 21 26 1 22
184 8 10 27 19 16 6 3 7 33
185 8 10 27 19 16 6 3 7 33
186 7 10 27 19 16 6 3 7
187 7 10 27 19 16 6 3 7
188 11 10 27 19 16 6 3 7 33 2 21 26
189 8 10 27 19 16 6 3 7 33
190 6 10 27 19 16 6 3
191 9 10 27 19 16 6 3 7 33 2
192 9 10 27 19 16 6 3 7 33 2
193 9 10 27 19 16 6 3 7 33 2
194 9 10 27 19 16 6 3 7 33 2
195 7 10 27 19 16 6 3 7
196 10 10 27 19 16 6 3 7 33 2 21
197 9 10 27 19 16 6 3 7 33 2
198 8 10 27 19 16 6 3 7 33
199 12 10 27 19 16 6 3 7 33 2 21 26 1
200 9 10 27 19 16 6 3 7 33 2
201 10 10 27 19 16 6 3 7 33 2 21
202 11 10 27 19 16 6 3 7 33 2 21 26
203 9 10 27 19 16 6 3 7 33 2
204 9 10 27 19 16 6 3 7 33 2
205 10 10 27 19 16 6 3 7 33 2 21
206 9 10 27 19 16 6 3 7 33 2
207 6 10 27 19 16 6 3
208 9 10 27 19 16 6 3 7 33 2
209 11 10 27 19 16 6 3 7 33 2 21 26
210 7 10 27 19 16 6 3 7
211 9 10 27 19 16 6 3 7 33 2
212 10 10 27 19 16 6 3 7 33 2 21
213 10 10 27 19 16 6 3 7 33 2 21
214 9 10 27 19 16 6 3 7 33 2
215 8 10 27 19 16 6 3 7 33
216 11 10 27 19 16 6 3 7 33 2 21 26
217 10 10 27 19 16 6 3 7 33 2 21
218 7 10 27 19 16 6 3 7
219 12 10 27 19 16 6 3 7 33 2 21 26 1
220 10 10 27 19 16 6 3 7 33 2 21
221 11 10 27 19 16 6 3 7 33 2 21 26
222 9 10 27 19 16 6 3 7 33 2
223 11 10 27 19 16 6 3 7 33 2 21 26
224 10 10 27 19 16 6 3 7 33 2 21
225 12 10 27 19 16 6 3 7 33 2 21 26 1
226 10 10 27 19 16 6 3 7 33 2 21
227 9 10 27 19 16 6 3 7 33 2
228 9 10 27 19 16 6 3 7 33 2
229 12 10 27 19 16 6 3 7 33 2 21 26 1
230 13 10 27 19 16 6 3 7 33 2 21 26 1 22
231 8 10 27 19 16 6 3 7 33
232 10 10 27 19 16 6 3 7 33 2 21
233 9 10 27 19 16 6 3 7 33 2
234 11 10 27 19 16 6 3 7 33 2 21 26
235 9 10 27 19 16 6 3 7 33 2
236 9 10 27 19 16 6 3 7 33 2
237 10 10 27 19 16 6 3 7 33 2 21
238 9 10 27 19 16 6 3 7 33 2
239 10 10 27 19 16 6 3 7 33 2 21
240 10 10 27 19 16 6 3 7 33 2 21
241 9 10 27 19 16 6 3 7 33 2
242 9 10 27 19 16 6 3 7 33 2
243 8 10 27 19 16 6 3 7 33
244 13 10 27 19 16 6 3 7 33 2 21 26 1 22
245 10 10 27 19 16 6 3 7 33 2 21
246 10 10 27 19 16 6 3 7 33 2 21
247 12 10 27 19 16 6 3 7 33 2 21 26 1
248 8 10 27 19 16 6 3 7 33
249 8 10 27 19 16 6 3 7 33
250 10 10 27 19 16 6 3 7 33 2 21
251 9 10 27 19 16 6 3 7 33 2
252 7 10 27 19 16 6 3 7
253 6 10 27 19 16 6 3
254 13 10 27 19 16 6 3 7 33 2 21 26 1 22
255 12 10 27 19 16 6 3 7 33 2 21 26 1
256 9 10 27 19 16 6 3 7 33 2
257 7 10 27 19 16 6 3 7
258 10 10 27 19 16 6 3 7 33 2 21
259 7 10 27 19 16 6 3 7
260 9 10 27 19 16 6 3 7 33 2
261 9 10 27 19 16 6 3 7 33 2
262 10 10 27 19 16 6 3 7 33 2 21
263 9 10 27 19 16 6 3 7 33 2
264 11 10 27 19 16 6 3 7 33 2 21 26
265 8 10 27 19 16 6 3 7 33
266 9 10 27 19 16 6 3 7 33 2
267 8 10 27 19 16 6 3 7 33
268 9 10 27 19 16 6 3 7 33 2
269 12 10 27 19 16 6 3 7 33 2 21 26 1
270 10 10 27 19 16 6 3 7 33 2 21
271 10 10 27 19 16 6 3 7 33 2 21
272 8 10 27 19 16 6 3 7 33
273 9 10 27 19 16 6 3 7 33 2
274 7 10 27 19 16 6 3 7
275 7 10 27 19 16 6 3 7
276 8 10 27 19 16 6 3 7 33
277 9 10 27 19 16 6 3 7 33 2
278 12 10 27 19 16 6 3 7 33 2 21 26 1
279 9 10 27 19 16 6 3 7 33 2
280 8 10 27 19 16 6 3 7 33
281 8 10 27 19 16 6 3 7 33
282 11 10 27 19 16 6 3 7 33 2 21 26
283 10 10 27 19 16 6 3 7 33 2 21
284 10 10 27 19 16 6 3 7 33 2 21
285 8 10 27 19 16 6 3 7 33
286 9 10 27 19 16 6 3 7 33 2
287 8 10 27 19 16 6 3 7 33
288 9 10 27 19 16 6 3 7 33 2
289 12 10 27 19 16 6 3 7 33 2 21 26 1
290 11 10 27 19 16 6 3 7 33 2 21 26
291 9 10 27 19 16 6 3 7 33 2
292 7 10 27 19 16 6 3 7
293 9 10 27 19 16 6 3 7 33 2
294 11 10 27 19 16 6 3 7 33 2 21 26
295 11 10 27 19 16 6 3 7 33 2 21 26
296 11 10 27 19 16 6 3 7 33 2 21 26
297 7 10 27 19 16 6 3 7
298 8 10 27 19 16 6 3 7 33
299 8 10 27 19 16 6 3 7 33
300 8 10 27 19 16 6 3 7 33
301 9 10 27 19 16 6 3 7 33 2
302 11 10 27 19 16 6 3 7 33 2 21 26
303 8 10 27 19 16 6 3 7 33
304 10 10 27 19 16 6 3 7 33 2 21
305 9 10 27 19 16 6 3 7 33 2
306 8 10 27 19 16 6 3 7 33
307 9 10 27 19 16 6 3 7 33 2
308 8 10 27 19 16 6 3 7 33
309 8 10 27 19 16 6 3 7 33
310 7 10 27 19 16 6 3 7
311 11 10 27 19 16 6 3 7 33 2 21 26
312 10 10 27 19 16 6 3 7 33 2 21
313 10 10 27 19 16 6 3 7 33 2 21
314 9 10 27 19 16 6 3 7 33 2
315 9 10 27 19 16 6 3 7 33 2
316 11 10 27 19 16 6 3 7 33 2 21 26
317 10 10 27 19 16 6 3 7 33 2 21
318 7 10 27 19 16 6 3 7
319 10 10 27 19 16 6 3 7 33 2 21
320 9 10 27 19 16 6 3 7 33 2
321 6 10 27 19 16 6 3
322 8 10 27 19 16 6 3 7 33
323 7 10 27 19 16 6 3 7
324 11 10 27 19 16 6 3 7 33 2 21 26
325 12 10 27 19 16 6 3 7 33 2 21 26 1
326 10 10 27 19 16 6 3 7 33 2 21
327 10 10 27 19 16 6 3 7 33 2 21
328 9 10 27 19 16 6 3 7 33 2
329 8 10 27 19 16 6 3 7 33
330 8 10 27 19 16 6 3 7 33
331 9 10 27 19 16 6 3 7 33 2
332 9 10 27 19 16 6 3 7 33 2
333 7 10 27 19 16 6 3 7
334 10 10 27 19 16 6 3 7 33 2 21
335 6 10 27 19 16 6 3
336 9 10 27 19 16 6 3 7 33 2
337 8 10 27 19 16 6 3 7 33
338 6 10 27 19 16 6 3
339 8 10 27 19 16 6 3 7 33
340 9 10 27 19 16 6 3 7 33 2
341 8 10 27 19 16 6 3 7 33
342 10 10 27 19 16 6 3 7 33 2 21
343 7 10 27 19 16 6 3 7
344 9 10 27 19 16 6 3 7 33 2
345 6 10 27 19 16 6 3
346 11 10 27 19 16 6 3 7 33 2 21 26
347 11 10 27 19 16 6 3 7 33 2 21 26
348 9 10 27 19 16 6 3 7 33 2
349 11 10 27 19 16 6 3 7 33 2 21 26
350 12 10 27 19 16 6 3 7 33 2 21 26 1
351 8 10 27 19 16 6 3 7 33
352 8 10 27 19 16 6 3 7 33
353 7 10 27 19 16 6 3 7
354 7 10 27 19 16 6 3 7
355 11 10 27 19 16 6 3 7 33 2 21 26
356 9 10 27 19 16 6 3 7 33 2
357 11 10 27 19 16 6 3 7 33 2 21 26
358 8 10 27 19 16 6 3 7 33
359 10 10 27 19 16 6 3 7 33 2 21
360 8 10 27 19 16 6 3 7 33
361 9 10 27 19 16 6 3 7 33 2
362 9 10 27 19 16 6 3 7 33 2
363 11 10 27 19 16 6 3 7 33 2 21 26
364 11 10 27 19 16 6 3 7 33 2 21 26
365 9 10 27 19 16 6 3 7 33 2
366 8 10 27 19 16 6 3 7 33
367 11 10 27 19 16 6 3 7 33 2 21 26
368 12 10 27 19 16 6 3 7 33 2 21 26 1
369 10 10 27 19 16 6 3 7 33 2 21
370 9 10 27 19 16 6 3 7 33 2
371 9 10 27 19 16 6 3 7 33 2
372 7 10 27 19 16 6 3 7
373 12 10 27 19 16 6 3 7 33 2 21 26 1
374 8 10 27 19 16 6 3 7 33
375 10 10 27 19 16 6 3 7 33 2 21
376 11 10 27 19 16 6 3 7 33 2 21 26
377 11 10 27 19 16 6 3 7 33 2 21 26
378 12 10 27 19 16 6 3 7 33 2 21 26 1
379 7 10 27 19 16 6 3 7
380 11 10 27 19 16 6 3 7 33 2 21 26
381 10 10 27 19 16 6 3 7 33 2 21
382 8 10 27 19 16 6 3 7 33
383 12 10 27 19 16 6 3 7 33 2 21 26 1
384 9 10 27 19 16 6 3 7 33 2
385 9 10 27 19 16 6 3 7 33 2
386 8 10 27 19 16 6 3 7 33
387 8 10 27 19 16 6 3 7 33
388 9 10 27 19 16 6 3 7 33 2
389 7 10 27 19 16 6 3 7
390 11 10 27 19 16 6 3 7 33 2 21 26
391 8 10 27 19 16 6 3 7 33
392 11 10 27 19 16 6 3 7 33 2 21 26
393 9 10 27 19 16 6 3 7 33 2
394 9 10 27 19 16 6 3 7 33 2
395 7 10 27 19 16 6 3 7
396 7 10 27 19 16 6 3 7
397 7 10 27 19 16 6 3 7
398 7 10 27 19 16 6 3 7
399 8 10 27 19 16 6 3 7 33
400 7 10 27 19 16 6 3 7
401 7 10 27 19 16 6 3 7
402 8 10 27 19 16 6 3 7 33
403 8 10 27 19 16 6 3 7 33
404 10 10 27 19 16 6 3 7 33 2 21
405 7 10 27 19 16 6 3 7
406 14 10 27 19 16 6 3 7 33 2 21 26 1 22 5
407 10 10 27 19 16 6 3 7 33 2 21
408 12 10 27 19 16 6 3 7 33 2 21 26 1
409 11 10 27 19 16 6 3 7 33 2 21 26
410 10 10 27 19 16 6 3 7 33 2 21
411 11 10 27 19 16 6 3 7 33 2 21 26
412 9 10 27 19 16 6 3 7 33 2
413 11 10 27 19 16 6 3 7 33 2 21 26
414 7 10 27 19 16 6 3 7
415 13 10 27 19 16 6 3 7 33 2 21 26 1 22
416 9 10 27 19 16 6 3 7 33 2
417 11 10 27 19 16 6 3 7 33 2 21 26
418 10 10 27 19 16 6 3 7 33 2 21
419 13 10 27 19 16 6 3 7 33 2 21 26 1 22
420 9 10 27 19 16 6 3 7 33 2
421 9 10 27 19 16 6 3 7 33 2
422 12 10 27 19 16 6 3 7 33 2 21 26 1
423 7 10 27 19 16 6 3 7
424 8 10 27 19 16 6 3 7 33
425 7 10 27 19 16 6 3 7
426 12 10 27 19 16 6 3 7 33 2 21 26 1
427 9 10 27 19 16 6 3 7 33 2
428 9 10 27 19 16 6 3 7 33 2
429 11 10 27 19 16 6 3 7 33 2 21 26
430 9 10 27 19 16 6 3 7 33 2
431 10 10 27 19 16 6 3 7 33 2 21
432 11 10 27 19 16 6 3 7 33 2 21 26
433 9 10 27 19 16 6 3 7 33 2
434 9 10 27 19 16 6 3 7 33 2
435 10 10 27 19 16 6 3 7 33 2 21
436 9 10 27 19 16 6 3 7 33 2
437 12 10 27 19 16 6 3 7 33 2 21 26 1
438 10 10 27 19 16 6 3 7 33 2 21
439 10 10 27 19 16 6 3 7 33 2 21
440 10 10 27 19 16 6 3 7 33 2 21
441 9 10 27 19 16 6 3 7 33 2
442 10 10 27 19 16 6 3 7 33 2 21
443 9 10 27 19 16 6 3 7 33 2
444 9 10 27 19 16 6 3 7 33 2
445 9 10 27 19 16 6 3 7 33 2
446 8 10 27 19 16 6 3 7 33
447 11 10 27 19 16 6 3 7 33 2 21 26
448 11 10 27 19 16 6 3 7 33 2 21 26
449 10 10 27 19 16 6 3 7 33 2 21
450 12 10 27 19 16 6 3 7 33 2 21 26 1
451 9 10 27 19 16 6 3 7 33 2
452 8 10 27 19 16 6 3 7 33
453 8 10 27 19 16 6 3 7 33
454 8 10 27 19 16 6 3 7 33
455 8 10 27 19 16 6 3 7 33
456 12 10 27 19 16 6 3 7 33 2 21 26 1
457 7 10 27 19 16 6 3 7
458 10 10 27 19 16 6 3 7 33 2 21
459 13 10 27 19 16 6 3 7 33 2 21 26 1 22
460 9 10 27 19 16 6 3 7 33 2
461 8 10 27 19 16 6 3 7 33
462 6 10 27 19 16 6 3
463 9 10 27 19 16 6 3 7 33 2
464 10 10 27 19 16 6 3 7 33 2 21
465 10 10 27 19 16 6 3 7 33 2 21
466 9 10 27 19 16 6 3 7 33 2
467 10 10 27 19 16 6 3 7 33 2 21
468 8 10 27 19 16 6 3 7 33
469 9 10 27 19 16 6 3 7 33 2
470 7 10 27 19 16 6 3 7
471 12 10 27 19 16 6 3 7 33 2 21 26 1
472 12 10 27 19 16 6 3 7 33 2 21 26 1
473 9 10 27 19 16 6 3 7 33 2
474 9 10 27 19 16 6 3 7 33 2
475 8 10 27 19 16 6 3 7 33
476 10 10 27 19 16 6 3 7 33 2 21
477 8 10 27 19 16 6 3 7 33
478 6 10 27 19 16 6 3
479 8 10 27 19 16 6 3 7 33
480 11 10 27 19 16 6 3 7 33 2 21 26
481 9 10 27 19 16 6 3 7 33 2
482 7 10 27 19 16 6 3 7
483 8 10 27 19 16 6 3 7 33
484 9 10 27 19 16 6 3 7 33 2
485 7 10 27 19 16 6 3 7
486 8 10 27 19 16 6 3 7 33
487 11 10 27 19 16 6 3 7 33 2 21 26
488 11 10 27 19 16 6 3 7 33 2 21 26
489 9 10 27 19 16 6 3 7 33 2
490 8 10 27 19 16 6 3 7 33
491 9 10 27 19 16 6 3 7 33 2
492 9 10 27 19 16 6 3 7 33 2
493 8 10 27 19 16 6 3 7 33
494 11 10 27 19 16 6 3 7 33 2 21 26
495 6 10 27 19 16 6 3
496 9 10 27 19 16 6 3 7 33 2
497 9 10 27 19 16 6 3 7 33 2
498 6 10 27 19 16 6 3
499 10 10 27 19 16 6 3 7 33 2 21
500 11 10 27 19 16 6 3 7 33 2 21 26
501 7 10 27 19 16 6 3 7
502 12 10 27 19 16 6 3 7 33 2 21 26 1
503 9 10 27 19 16 6 3 7 33 2
504 13 10 27 19 16 6 3 7 33 2 21 26 1 22
505 8 10 27 19 16 6 3 7 33
506 8 10 27 19 16 6 3 7 33
507 8 10 27 19 16 6 3 7 33
508 7 10 27 19 16 6 3 7
509 10 10 27 19 16 6 3 7 33 2 21
510 10 10 27 19 16 6 3 7 33 2 21
511 7 10 27 19 16 6 3 7
512 11 10 27 19 16 6 3 7 33 2 21 26
513 13 10 27 19 16 6 3 7 33 2 21 26 1 22
514 12 10 27 19 16 6 3 7 33 2 21 26 1
515 7 10 27 19 16 6 3 7
516 7 10 27 19 16 6 3 7
517 10 10 27 19 16 6 3 7 33 2 21
518 8 10 27 19 16 6 3 7 33
519 10 10 27 19 16 6 3 7 33 2 21
520 10 10 27 19 16 6 3 7 33 2 21
521 8 10 27 19 16 6 3 7 33
522 8 10 27 19 16 6 3 7 33
523 10 10 27 19 16 6 3 7 33 2 21
524 13 10 27 19 16 6 3 7 33 2 21 26 1 22
525 8 10 27 19 16 6 3 7 33
526 11 10 27 19 16 6 3 7 33 2 21 26
527 10 10 27 19 16 6 3 7 33 2 21
528 10 10 27 19 16 6 3 7 33 2 21
529 10 10 27 19 16 6 3 7 33 2 21
530 9 10 27 19 16 6 3 7 33 2
531 8 10 27 19 16 6 3 7 33
532 11 10 27 19 16 6 3 7 33 2 21 26
533 10 10 27 19 16 6 3 7 33 2 21
534 8 10 27 19 16 6 3 7 33
535 11 10 27 19 16 6 3 7 33 2 21 26
536 8 10 27 19 16 6 3 7 33
537 9 10 27 19 16 6 3 7 33 2
538 9 10 27 19 16 6 3 7 33 2
539 11 10 27 19 16 6 3 7 33 2 21 26
540 10 10 27 19 16 6 3 7 33 2 21
541 14 10 27 19 16 6 3 7 33 2 21 26 1 22 5
542 9 10 27 19 16 6 3 7 33 2
543 7 10 27 19 16 6 3 7
544 10 10 27 19 16 6 3 7 33 2 21
545 7 10 27 19 16 6 3 7
546 12 10 27 19 16 6 3 7 33 2 21 26 1
547 9 10 27 19 16 6 3 7 33 2
548 10 10 27 19 16 6 3 7 33 2 21
549 7 10 27 19 16 6 3 7
550 9 10 27 19 16 6 3 7 33 2
551 9 10 27 19 16 6 3 7 33 2
552 8 10 27 19 16 6 3 7 33
553 8 10 27 19 16 6 3 7 33
554 9 10 27 19 16 6 3 7 33 2
555 8 10 27 19 16 6 3 7 33
556 9 10 27 19 16 6 3 7 33 2
557 7 10 27 19 16 6 3 7
558 9 10 27 19 16 6 3 7 33 2
559 8 10 27 19 16 6 3 7 33
560 9 10 27 19 16 6 3 7 33 2
561 8 10 27 19 16 6 3 7 33
562 11 10 27 19 16 6 3 7 33 2 21 26
563 6 10 27 19 16 6 3
564 7 10 27 19 16 6 3 7
565 8 10 27 19 16 6 3 7 33
566 10 10 27 19 16 6 3 7 33 2 21
567 8 10 27 19 16 6 3 7 33
568 12 10 27 19 16 6 3 7 33 2 21 26 1
569 7 10 27 19 16 6 3 7
570 9 10 27 19 16 6 3 7 33 2
571 11 10 27 19 16 6 3 7 33 2 21 26
572 9 10 27 19 16 6 3 7 33 2
573 11 10 27 19 16 6 3 7 33 2 21 26
574 8 10 27 19 16 6 3 7 33
575 8 10 27 19 16 6 3 7 33
576 9 10 27 19 16 6 3 7 33 2
577 11 10 27 19 16 6 3 7 33 2 21 26
578 10 10 27 19 16 6 3 7 33 2 21
579 8 10 27 19 16 6 3 7 33
580 10 10 27 19 16 6 3 7 33 2 21
581 9 10 27 19 16 6 3 7 33 2
582 8 10 27 19 16 6 3 7 33
583 8 10 27 19 16 6 3 7 33
584 9 10 27 19 16 6 3 7 33 2
585 8 10 27 19 16 6 3 7 33
586 8 10 27 19 16 6 3 7 33
587 9 10 27 19 16 6 3 7 33 2
588 10 10 27 19 16 6 3 7 33 2 21
589 7 10 27 19 16 6 3 7
590 10 10 27 19 16 6 3 7 33 2 21
591 10 10 27 19 16 6 3 7 33 2 21
592 9 10 27 19 16 6 3 7 33 2
593 9 10 27 19 16 6 3 7 33 2
594 10 10 27 19 16 6 3 7 33 2 21
595 9 10 27 19 16 6 3 7 33 2
596 9 10 27 19 16 6 3 7 33 2
597 9 10 27 19 16 6 3 7 33 2
598 9 10 27 19 16 6 3 7 33 2
599 9 10 27 19 16 6 3 7 33 2
600 9 10 27 19 16 6 3 7 33 2
601 8 10 27 19 16 6 3 7 33
602 9 10 27 19 16 6 3 7 33 2
603 7 10 27 19 16 6 3 7
604 9 10 27 19 16 6 3 7 33 2
605 8 10 27 19 16 6 3 7 33
606 9 10 27 19 16 6 3 7 33 2
607 8 10 27 19 16 6 3 7 33
608 8 10 27 19 16 6 3 7 33
609 10 10 27 19 16 6 3 7 33 2 21
610 8 10 27 19 16 6 3 7 33
611 8 10 27 19 16 6 3 7 33
612 7 10 27 19 16 6 3 7
613 12 10 27 19 16 6 3 7 33 2 21 26 1
614 6 10 27 19 16 6 3
615 9 10 27 19 16 6 3 7 33 2
616 8 10 27 19 16 6 3 7 33
617 9 10 27 19 16 6 3 7 33 2
618 11 10 27 19 16 6 3 7 33 2 21 26
619 12 10 27 19 16 6 3 7 33 2 21 26 1
620 11 10 27 19 16 6 3 7 33 2 21 26
621 10 10 27 19 16 6 3 7 33 2 21
622 9 10 27 19 16 6 3 7 33 2
623 14 10 27 19 16 6 3 7 33 2 21 26 1 22 5
624 10 10 27 19 16 6 3 7 33 2 21
625 11 10 27 19 16 6 3 7 33 2 21 26
626 11 10 27 19 16 6 3 7 33 2 21 26
627 8 10 27 19 16 6 3 7 33
628 10 10 27 19 16 6 3 7 33 2 21
629 7 10 27 19 16 6 3 7
630 12 10 27 19 16 6 3 7 33 2 21 26 1
631 11 10 27 19 16 6 3 7 33 2 21 26
632 8 10 27 19 16 6 3 7 33
633 10 10 27 19 16 6 3 7 33 2 21
634 12 10 27 19 16 6 3 7 33 2 21 26 1
635 8 10 27 19 16 6 3 7 33
636 7 10 27 19 16 6 3 7
637 7 10 27 19 16 6 3 7
638 7 10 27 19 16 6 3 7
639 6 10 27 19 16 6 3
640 8 10 27 19 16 6 3 7 33
641 8 10 27 19 16 6 3 7 33
642 7 10 27 19 16 6 3 7
643 9 10 27 19 16 6 3 7 33 2
644 10 10 27 19 16 6 3 7 33 2 21
645 7 10 27 19 16 6 3 7
646 13 10 27 19 16 6 3 7 33 2 21 26 1 22
647 9 10 27 19 16 6 3 7 33 2
648 9 10 27 19 16 6 3 7 33 2
649 9 10 27 19 16 6 3 7 33 2
650 11 10 27 19 16 6 3 7 33 2 21 26
651 13 10 27 19 16 6 3 7 33 2 21 26 1 22
652 11 10 27 19 16 6 3 7 33 2 21 26
653 13 10 27 19 16 6 3 7 33 2 21 26 1 22
654 6 10 27 19 16 6 3
655 7 10 27 19 16 6 3 7
656 9 10 27 19 16 6 3 7 33 2
657 11 10 27 19 16 6 3 7 33 2 21 26
658 9 10 27 19 16 6 3 7 33 2
659 8 10 27 19 16 6 3 7 33
660 13 10 27 19 16 6 3 7 33 2 21 26 1 22
661 11 10 27 19 16 6 3 7 33 2 21 26
662 9 10 27 19 16 6 3 7 33 2
663 8 10 27 19 16 6 3 7 33
664 9 10 27 19 16 6 3 7 33 2
665 14 10 27 19 16 6 3 7 33 2 21 26 1 22 5
666 10 10 27 19 16 6 3 7 33 2 21
667 10 10 27 19 16 6 3 7 33 2 21
668 10 10 27 19 16 6 3 7 33 2 21
669 9 10 27 19 16 6 3 7 33 2
670 12 10 27 19 16 6 3 7 33 2 21 26 1
671 11 10 27 19 16 6 3 7 33 2 21 26
672 10 10 27 19 16 6 3 7 33 2 21
673 9 10 27 19 16 6 3 7 33 2
674 10 10 27 19 16 6 3 7 33 2 21
675 10 10 27 19 16 6 3 7 33 2 21
676 8 10 27 19 16 6 3 7 33
677 8 10 27 19 16 6 3 7 33
678 8 10 27 19 16 6 3 7 33
679 13 10 27 19 16 6 3 7 33 2 21 26 1 22
680 13 10 27 19 16 6 3 7 33 2 21 26 1 22
681 5 10 27 19 16 6
682 11 10 27 19 16 6 3 7 33 2 21 26
683 9 10 27 19 16 6 3 7 33 2
684 11 10 27 19 16 6 3 7 33 2 21 26
685 7 10 27 19 16 6 3 7
686 8 10 27 19 16 6 3 7 33
687 7 10 27 19 16 6 3 7
688 13 10 27 19 16 6 3 7 33 2 21 26 1 22
689 10 10 27 19 16 6 3 7 33 2 21
690 11 10 27 19 16 6 3 7 33 2 21 26
691 6 10 27 19 16 6 3
692 12 10 27 19 16 6 3 7 33 2 21 26 1
693 10 10 27 19 16 6 3 7 33 2 21
694 8 10 27 19 16 6 3 7 33
695 12 10 27 19 16 6 3 7 33 2 21 26 1
696 8 10 27 19 16 6 3 7 33
697 8 10 27 19 16 6 3 7 33
698 8 10 27 19 16 6 3 7 33
699 8 10 27 19 16 6 3 7 33
700 11 10 27 19 16 6 3 7 33 2 21 26
701 12 10 27 19 16 6 3 7 33 2 21 26 1
702 11 10 27 19 16 6 3 7 33 2 21 26
703 11 10 27 19 16 6 3 7 33 2 21 26
704 7 10 27 19 16 6 3 7
705 11 10 27 19 16 6 3 7 33 2 21 26
706 10 10 27 19 16 6 3 7 33 2 21
707 7 10 27 19 16 6 3 7
708 6 10 27 19 16 6 3
709 8 10 27 19 16 6 3 7 33
710 9 10 27 19 16 6 3 7 33 2
711 10 10 27 19 16 6 3 7 33 2 21
712 7 10 27 19 16 6 3 7
713 10 10 27 19 16 6 3 7 33 2 21
714 9 10 27 19 16 6 3 7 33 2
715 7 10 27 19 16 6 3 7
716 7 10 27 19 16 6 3 7
717 9 10 27 19 16 6 3 7 33 2
718 9 10 27 19 16 6 3 7 33 2
719 7 10 27 19 16 6 3 7
720 10 10 27 19 16 6 3 7 33 2 21
721 9 10 27 19 16 6 3 7 33 2
722 9 10 27 19 16 6 3 7 33 2
723 12 10 27 19 16 6 3 7 33 2 21 26 1
724 11 10 27 19 16 6 3 7 33 2 21 26
725 9 10 27 19 16 6 3 7 33 2
726 7 10 27 19 16 6 3 7
727 7 10 27 19 16 6 3 7
728 7 10 27 19 16 6 3 7
729 8 10 27 19 16 6 3 7 33
730 7 10 27 19 16 6 3 7
731 8 10 27 19 16 6 3 7 33
732 8 10 27 19 16 6 3 7 33
733 6 10 27 19 16 6 3
734 8 10 27 19 16 6 3 7 33
735 11 10 27 19 16 6 3 7 33 2 21 26
736 10 10 27 19 16 6 3 7 33 2 21
737 9 10 27 19 16 6 3 7 33 2
738 8 10 27 19 16 6 3 7 33
739 8 10 27 19 16 6 3 7 33
740 9 10 27 19 16 6 3 7 33 2
741 9 10 27 19 16 6 3 7 33 2
742 7 10 27 19 16 6 3 7
743 8 10 27 19 16 6 3 7 33
744 8 10 27 19 16 6 3 7 33
745 11 10 27 19 16 6 3 7 33 2 21 26
746 11 10 27 19 16 6 3 7 33 2 21 26
747 9 10 27 19 16 6 3 7 33 2
748 7 10 27 19 16 6 3 7
749 8 10 27 19 16 6 3 7 33
750 6 10 27 19 16 6 3
751 9 10 27 19 16 6 3 7 33 2
752 12 10 27 19 16 6 3 7 33 2 21 26 1
753 9 10 27 19 16 6 3 7 33 2
754 13 10 27 19 16 6 3 7 33 2 21 26 1 22
755 9 10 27 19 16 6 3 7 33 2
756 6 10 27 19 16 6 3
757 8 10 27 19 16 6 3 7 33
758 8 10 27 19 16 6 3 7 33
759 8 10 27 19 16 6 3 7 33
760 9 10 27 19 16 6 3 7 33 2
761 8 10 27 19 16 6 3 7 33
762 13 10 27 19 16 6 3 7 33 2 21 26 1 22
763 8 10 27 19 16 6 3 7 33
764 7 10 27 19 16 6 3 7
765 8 10 27 19 16 6 3 7 33
766 9 10 27 19 16 6 3 7 33 2
767 11 10 27 19 16 6 3 7 33 2 21 26
768 9 10 27 19 16 6 3 7 33 2
769 9 10 27 19 16 6 3 7 33 2
770 9 10 27 19 16 6 3 7 33 2
771 10 10 27 19 16 6 3 7 33 2 21
772 8 10 27 19 16 6 3 7 33
773 7 10 27 19 16 6 3 7
774 12 10 27 19 16 6 3 7 33 2 21 26 1
775 9 10 27 19 16 6 3 7 33 2
776 10 10 27 19 16 6 3 7 33 2 21
777 7 10 27 19 16 6 3 7
778 7 10 27 19 16 6 3 7
779 11 10 27 19 16 6 3 7 33 2 21 26
780 11 10 27 19 16 6 3 7 33 2 21 26
781 9 10 27 19 16 6 3 7 33 2
782 8 10 27 19 16 6 3 7 33
783 6 10 27 19 16 6 3
784 9 10 27 19 16 6 3 7 33 2
785 7 10 27 19 16 6 3 7
786 10 10 27 19 16 6 3 7 33 2 21
787 9 10 27 19 16 6 3 7 33 2
788 11 10 27 19 16 6 3 7 33 2 21 26
789 10 10 27 19 16 6 3 7 33 2 21
790 11 10 27 19 16 6 3 7 33 2 21 26
791 10 10 27 19 16 6 3 7 33 2 21
792 10 10 27 19 16 6 3 7 33 2 21
793 8 10 27 19 16 6 3 7 33
794 12 10 27 19 16 6 3 7 33 2 21 26 1
795 6 10 27 19 16 6 3
796 10 10 27 19 16 6 3 7 33 2 21
797 10 10 27 19 16 6 3 7 33 2 21
798 10 10 27 19 16 6 3 7 33 2 21
799 10 10 27 19 16 6 3 7 33 2 21
800 11 10 27 19 16 6 3 7 33 2 21 26
801 8 10 27 19 16 6 3 7 33
802 10 10 27 19 16 6 3 7 33 2 21
803 10 10 27 19 16 6 3 7 33 2 21
804 9 10 27 19 16 6 3 7 33 2
805 10 10 27 19 16 6 3 7 33 2 21
806 8 10 27 19 16 6 3 7 33
807 10 10 27 19 16 6 3 7 33 2 21
808 10 10 27 19 16 6 3 7 33 2 21
809 9 10 27 19 16 6 3 7 33 2
810 9 10 27 19 16 6 3 7 33 2
811 7 10 27 19 16 6 3 7
812 9 10 27 19 16 6 3 7 33 2
813 10 10 27 19 16 6 3 7 33 2 21
814 9 10 27 19 16 6 3 7 33 2
815 12 10 27 19 16 6 3 7 33 2 21 26 1
816 7 10 27 19 16 6 3 7
817 9 10 27 19 16 6 3 7 33 2
818 9 10 27 19 16 6 3 7 33 2
819 11 10 27 19 16 6 3 7 33 2 21 26
820 11 10 27 19 16 6 3 7 33 2 21 26
821 8 10 27 19 16 6 3 7 33
822 10 10 27 19 16 6 3 7 33 2 21
823 8 10 27 19 16 6 3 7 33
824 8 10 27 19 16 6 3 7 33
825 9 10 27 19 16 6 3 7 33 2
826 10 10 27 19 16 6 3 7 33 2 21
827 6 10 27 19 16 6 3
828 10 10 27 19 16 6 3 7 33 2 21
829 8 10 27 19 16 6 3 7 33
830 12 10 27 19 16 6 3 7 33 2 21 26 1
831 12 10 27 19 16 6 3 7 33 2 21 26 1
832 8 10 27 19 16 6 3 7 33
833 11 10 27 19 16 6 3 7 33 2 21 26
834 8 10 27 19 16 6 3 7 33
835 10 10 27 19 16 6 3 7 33 2 21
836 13 10 27 19 16 6 3 7 33 2 21 26 1 22
837 8 10 27 19 16 6 3 7 33
838 6 10 27 19 16 6 3
839 7 10 27 19 16 6 3 7
840 10 10 27 19 16 6 3 7 33 2 21
841 8 10 27 19 16 6 3 7 33
842 9 10 27 19 16 6 3 7 33 2
843 8 10 27 19 16 6 3 7 33
844 8 10 27 19 16 6 3 7 33
845 8 10 27 19 16 6 3 7 33
846 9 10 27 19 16 6 3 7 33 2
847 9 10 27 19 16 6 3 7 33 2
848 12 10 27 19 16 6 3 7 33 2 21 26 1
849 12 10 27 19 16 6 3 7 33 2 21 26 1
850 6 10 27 19 16 6 3
851 10 10 27 19 16 6 3 7 33 2 21
852 9 10 27 19 16 6 3 7 33 2
853 9 10 27 19 16 6 3 7 33 2
854 9 10 27 19 16 6 3 7 33 2
855 9 10 27 19 16 6 3 7 33 2
856 10 10 27 19 16 6 3 7 33 2 21
857 8 10 27 19 16 6 3 7 33
858 11 10 27 19 16 6 3 7 33 2 21 26
859 10 10 27 19 16 6 3 7 33 2 21
860 8 10 27 19 16 6 3 7 33
861 10 10 27 19 16 6 3 7 33 2 21
862 8 10 27 19 16 6 3 7 33
863 11 10 27 19 16 6 3 7 33 2 21 26
864 10 10 27 19 16 6 3 7 33 2 21
865 9 10 27 19 16 6 3 7 33 2
866 9 10 27 19 16 6 3 7 33 2
867 10 10 27 19 16 6 3 7 33 2 21
868 10 10 27 19 16 6 3 7 33 2 21
869 10 10 27 19 16 6 3 7 33 2 21
870 7 10 27 19 16 6 3 7
871 10 10 27 19 16 6 3 7 33 2 21
872 8 10 27 19 16 6 3 7 33
873 7 10 27 19 16 6 3 7
874 9 10 27 19 16 6 3 7 33 2
875 8 10 27 19 16 6 3 7 33
876 10 10 27 19 16 6 3 7 33 2 21
877 8 10 27 19 16 6 3 7 33
878 8 10 27 19 16 6 3 7 33
879 6 10 27 19 16 6 3
880 8 10 27 19 16 6 3 7 33
881 12 10 27 19 16 6 3 7 33 2 21 26 1
882 6 10 27 19 16 6 3
883 10 10 27 19 16 6 3 7 33 2 21
884 8 10 27 19 16 6 3 7 33
885 9 10 27 19 16 6 3 7 33 2
886 12 10 27 19 16 6 3 7 33 2 21 26 1
887 8 10 27 19 16 6 3 7 33
888 8 10 27 19 16 6 3 7 33
889 12 10 27 19 16 6 3 7 33 2 21 26 1
890 9 10 27 19 16 6 3 7 33 2
891 10 10 27 19 16 6 3 7 33 2 21
892 7 10 27 19 16 6 3 7
893 8 10 27 19 16 6 3 7 33
894 10 10 27 19 16 6 3 7 33 2 21
895 6 10 27 19 16 6 3
896 9 10 27 19 16 6 3 7 33 2
897 8 10 27 19 16 6 3 7 33
898 9 10 27 19 16 6 3 7 33 2
899 9 10 27 19 16 6 3 7 33 2
900 8 10 27 19 16 6 3 7 33
901 13 10 27 19 16 6 3 7 33 2 21 26 1 22
902 9 10 27 19 16 6 3 7 33 2
903 9 10 27 19 16 6 3 7 33 2
904 11 10 27 19 16 6 3 7 33 2 21 26
905 11 10 27 19 16 6 3 7 33 2 21 26
906 9 10 27 19 16 6 3 7 33 2
907 11 10 27 19 16 6 3 7 33 2 21 26
908 13 10 27 19 16 6 3 7 33 2 21 26 1 22
909 10 10 27 19 16 6 3 7 33 2 21
910 10 10 27 19 16 6 3 7 33 2 21
911 7 10 27 19 16 6 3 7
912 12 10 27 19 16 6 3 7 33 2 21 26 1
913 13 10 27 19 16 6 3 7 33 2 21 26 1 22
914 7 10 27 19 16 6 3 7
915 8 10 27 19 16 6 3 7 33
916 8 10 27 19 16 6 3 7 33
917 11 10 27 19 16 6 3 7 33 2 21 26
918 9 10 27 19 16 6 3 7 33 2
919 9 10 27 19 16 6 3 7 33 2
920 8 10 27 19 16 6 3 7 33
921 9 10 27 19 16 6 3 7 33 2
922 11 10 27 19 16 6 3 7 33 2 21 26
923 11 10 27 19 16 6 3 7 33 2 21 26
924 11 10 27 19 16 6 3 7 33 2 21 26
925 10 10 27 19 16 6 3 7 33 2 21
926 11 10 27 19 16 6 3 7 33 2 21 26
927 10 10 27 19 16 6 3 7 33 2 21
928 11 10 27 19 16 6 3 7 33 2 21 26
929 9 10 27 19 16 6 3 7 33 2
930 9 10 27 19 16 6 3 7 33 2
931 7 10 27 19 16 6 3 7
932 7 10 27 19 16 6 3 7
933 8 10 27 19 16 6 3 7 33
934 12 10 27 19 16 6 3 7 33 2 21 26 1
935 8 10 27 19 16 6 3 7 33
936 8 10 27 19 16 6 3 7 33
937 9 10 27 19 16 6 3 7 33 2
938 12 10 27 19 16 6 3 7 33 2 21 26 1
939 9 10 27 19 16 6 3 7 33 2
940 11 10 27 19 16 6 3 7 33 2 21 26
941 10 10 27 19 16 6 3 7 33 2 21
942 7 10 27 19 16 6 3 7
943 7 10 27 19 16 6 3 7
944 10 10 27 19 16 6 3 7 33 2 21
945 9 10 27 19 16 6 3 7 33 2
946 8 10 27 19 16 6 3 7 33
947 11 10 27 19 16 6 3 7 33 2 21 26
948 10 10 27 19 16 6 3 7 33 2 21
949 10 10 27 19 16 6 3 7 33 2 21
950 13 10 27 19 16 6 3 7 33 2 21 26 1 22
951 9 10 27 19 16 6 3 7 33 2
952 8 10 27 19 16 6 3 7 33
953 8 10 27 19 16 6 3 7 33
954 6 10 27 19 16 6 3
955 9 10 27 19 16 6 3 7 33 2
956 10 10 27 19 16 6 3 7 33 2 21
957 10 10 27 19 16 6 3 7 33 2 21
958 9 10 27 19 16 6 3 7 33 2
959 8 10 27 19 16 6 3 7 33
960 9 10 27 19 16 6 3 7 33 2
961 9 10 27 19 16 6 3 7 33 2
962 8 10 27 19 16 6 3 7 33
963 12 10 27 19 16 6 3 7 33 2 21 26 1
964 8 10 27 19 16 6 3 7 33
965 10 10 27 19 16 6 3 7 33 2 21
966 8 10 27 19 16 6 3 7 33
967 12 10 27 19 16 6 3 7 33 2 21 26 1
968 8 10 27 19 16 6 3 7 33
969 10 10 27 19 16 6 3 7 33 2 21
970 10 10 27 19 16 6 3 7 33 2 21
971 11 10 27 19 16 6 3 7 33 2 21 26
972 8 10 27 19 16 6 3 7 33
973 9 10 27 19 16 6 3 7 33 2
974 7 10 27 19 16 6 3 7
975 12 10 27 19 16 6 3 7 33 2 21 26 1
976 12 10 27 19 16 6 3 7 33 2 21 26 1
977 9 10 27 19 16 6 3 7 33 2
978 10 10 27 19 16 6 3 7 33 2 21
979 12 10 27 19 16 6 3 7 33 2 21 26 1
980 8 10 27 19 16 6 3 7 33
981 8 10 27 19 16 6 3 7 33
982 8 10 27 19 16 6 3 7 33
983 6 10 27 19 16 6 3
984 9 10 27 19 16 6 3 7 33 2
985 10 10 27 19 16 6 3 7 33 2 21
986 7 10 27 19 16 6 3 7
987 7 10 27 19 16 6 3 7
988 6 10 27 19 16 6 3
989 13 10 27 19 16 6 3 7 33 2 21 26 1 22
990 10 10 27 19 16 6 3 7 33 2 21
991 8 10 27 19 16 6 3 7 33
992 10 10 27 19 16 6 3 7 33 2 21
993 9 10 27 19 16 6 3 7 33 2
994 9 10 27 19 16 6 3 7 33 2
995 11 10 27 19 16 6 3 7 33 2 21 26
996 11 10 27 19 16 6 3 7 33 2 21 26
997 11 10 27 19 16 6 3 7 33 2 21 26
998 7 10 27 19 16 6 3 7
999 10 10 27 19 16 6 3 7 33 2 21
1000 11 10 27 19 16 6 3 7 33 2 21 26
1001 9 10 27 19 16 6 3 7 33 2
1002 8 10 27 19 16 6 3 7 33
1003 12 10 27 19 16 6 3 7 33 2 21 26 1
1004 10 10 27 19 16 6 3 7 33 2 21
1005 9 10 27 19 16 6 3 7 33 2
1006 8 10 27 19 16 6 3 7 33
1007 9 10 27 19 16 6 3 7 33 2
1008 6 10 27 19 16 6 3
1009 9 10 27 19 16 6 3 7 33 2
1010 12 10 27 19 16 6 3 7 33 2 21 26 1
1011 10 10 27 19 16 6 3 7 33 2 21
1012 7 10 27 19 16 6 3 7
1013 7 10 27 19 16 6 3 7
1014 9 10 27 19 16 6 3 7 33 2
1015 8 10 27 19 16 6 3 7 33
1016 9 10 27 19 16 6 3 7 33 2
1017 6 10 27 19 16 6 3
1018 11 10 27 19 16 6 3 7 33 2 21 26
1019 7 10 27 19 16 6 3 7
1020 10 10 27 19 16 6 3 7 33 2 21
1021 8 10 27 19 16 6 3 7 33
1022 10 10 27 19 16 6 3 7 33 2 21
1023 8 10 27 19 16 6 3 7 33
1024 9 10 27 19 16 6 3 7 33 2
1025 9 10 27 19 16 6 3 7 33 2
1026 11 10 27 19 16 6 3 7 33 2 21 26
1027 9 10 27 19 16 6 3 7 33 2
1028 8 10 27 19 16 6 3 7 33
1029 10 10 27 19 16 6 3 7 33 2 21
1030 8 10 27 19 16 6 3 7 33
1031 10 10 27 19 16 6 3 7 33 2 21
1032 13 10 27 19 16 6 3 7 33 2 21 26 1 22
1033 13 10 27 19 16 6 3 7 33 2 21 26 1 22
1034 10 10 27 19 16 6 3 7 33 2 21
1035 9 10 27 19 16 6 3 7 33 2
1036 9 10 27 19 16 6 3 7 33 2
1037 13 10 27 19 16 6 3 7 33 2 21 26 1 22
1038 12 10 27 19 16 6 3 7 33 2 21 26 1
1039 10 10 27 19 16 6 3 7 33 2 21
1040 10 10 27 19 16 6 3 7 33 2 21
1041 9 10 27 19 16 6 3 7 33 2
1042 11 10 27 19 16 6 3 7 33 2 21 26
1043 11 10 27 19 16 6 3 7 33 2 21 26
1044 9 10 27 19 16 6 3 7 33 2
1045 8 10 27 19 16 6 3 7 33
1046 11 10 27 19 16 6 3 7 33 2 21 26
1047 9 10 27 19 16 6 3 7 33 2
1048 10 10 27 19 16 6 3 7 33 2 21
1049 7 10 27 19 16 6 3 7
1050 9 10 27 19 16 6 3 7 33 2
1051 10 10 27 19 16 6 3 7 33 2 21
1052 8 10 27 19 16 6 3 7 33
1053 11 10 27 19 16 6 3 7 33 2 21 26
1054 11 10 27 19 16 6 3 7 33 2 21 26
1055 8 10 27 19 16 6 3 7 33
1056 11 10 27 19 16 6 3 7 33 2 21 26
1057 9 10 27 19 16 6 3 7 33 2
1058 12 10 27 19 16 6 3 7 33 2 21 26 1
1059 9 10 27 19 16 6 3 7 33 2
1060 9 10 27 19 16 6 3 7 33 2
1061 10 10 27 19 16 6 3 7 33 2 21
1062 9 10 27 19 16 6 3 7 33 2
1063 10 10 27 19 16 6 3 7 33 2 21
1064 7 10 27 19 16 6 3 7
1065 12 10 27 19 16 6 3 7 33 2 21 26 1
1066 12 10 27 19 16 6 3 7 33 2 21 26 1
1067 8 10 27 19 16 6 3 7 33
1068 8 10 27 19 16 6 3 7 33
1069 10 10 27 19 16 6 3 7 33 2 21
1070 9 10 27 19 16 6 3 7 33 2
1071 9 10 27 19 16 6 3 7 33 2
1072 10 10 27 19 16 6 3 7 33 2 21
1073 11 10 27 19 16 6 3 7 33 2 21 26
1074 9 10 27 19 16 6 3 7 33 2
1075 8 10 27 19 16 6 3 7 33
1076 7 10 27 19 16 6 3 7
1077 12 10 27 19 16 6 3 7 33 2 21 26 1
1078 9 10 27 19 16 6 3 7 33 2
1079 8 10 27 19 16 6 3 7 33
1080 9 10 27 19 16 6 3 7 33 2
1081 12 10 27 19 16 6 3 7 33 2 21 26 1
1082 8 10 27 19 16 6 3 7 33
1083 8 10 27 19 16 6 3 7 33
1084 10 10 27 19 16 6 3 7 33 2 21
1085 9 10 27 19 16 6 3 7 33 2
1086 10 10 27 19 16 6 3 7 33 2 21
1087 7 10 27 19 16 6 3 7
1088 9 10 27 19 16 6 3 7 33 2
1089 10 10 27 19 16 6 3 7 33 2 21
1090 9 10 27 19 16 6 3 7 33 2
1091 10 10 27 19 16 6 3 7 33 2 21
1092 10 10 27 19 16 6 3 7 33 2 21
1093 7 10 27 19 16 6 3 7
1094 8 10 27 19 16 6 3 7 33
1095 12 10 27 19 16 6 3 7 33 2 21 26 1
1096 8 10 27 19 16 6 3 7 33
1097 10 10 27 19 16 6 3 7 33 2 21
1098 9 10 27 19 16 6 3 7 33 2
1099 8 10 27 19 16 6 3 7 33
1100 8 10 27 19 16 6 3 7 33
1101 12 10 27 19 16 6 3 7 33 2 21 26 1
1102 9 10 27 19 16 6 3 7 33 2
1103 13 10 27 19 16 6 3 7 33 2 21 26 1 22
1104 9 10 27 19 16 6 3 7 33 2
1105 8 10 27 19 16 6 3 7 33
1106 10 10 27 19 16 6 3 7 33 2 21
1107 10 10 27 19 16 6 3 7 33 2 21
1108 10 10 27 19 16 6 3 7 33 2 21
1109 7 10 27 19 16 6 3 7
1110 12 10 27 19 16 6 3 7 33 2 21 26 1
1111 9 10 27 19 16 6 3 7 33 2
1112 12 10 27 19 16 6 3 7 33 2 21 26 1
1113 9 10 27 19 16 6 3 7 33 2
1114 8 10 27 19 16 6 3 7 33
1115 8 10 27 19 16 6 3 7 33
1116 8 10 27 19 16 6 3 7 33
1117 10 10 27 19 16 6 3 7 33 2 21
1118 11 10 27 19 16 6 3 7 33 2 21 26
1119 7 10 27 19 16 6 3 7
1120 12 10 27 19 16 6 3 7 33 2 21 26 1
1121 7 10 27 19 16 6 3 7
1122 10 10 27 19 16 6 3 7 33 2 21
1123 10 10 27 19 16 6 3 7 33 2 21
1124 8 10 27 19 16 6 3 7 33
1125 10 10 27 19 16 6 3 7 33 2 21
1126 12 10 27 19 16 6 3 7 33 2 21 26 1
1127 8 10 27 19 16 6 3 7 33
1128 10 10 27 19 16 6 3 7 33 2 21
1129 11 10 27 19 16 6 3 7 33 2 21 26
1130 6 10 27 19 16 6 3
1131 7 10 27 19 16 6 3 7
1132 7 10 27 19 16 6 3 7
1133 9 10 27 19 16 6 3 7 33 2
1134 12 10 27 19 16 6 3 7 33 2 21 26 1
1135 12 10 27 19 16 6 3 7 33 2 21 26 1
1136 9 10 27 19 16 6 3 7 33 2
1137 11 10 27 19 16 6 3 7 33 2 21 26
1138 12 10 27 19 16 6 3 7 33 2 21 26 1
1139 9 10 27 19 16 6 3 7 33 2
1140 6 10 27 19 16 6 3
1141 8 10 27 19 16 6 3 7 33
1142 8 10 27 19 16 6 3 7 33
1143 10 10 27 19 16 6 3 7 33 2 21
1144 11 10 27 19 16 6 3 7 33 2 21 26
1145 9 10 27 19 16 6 3 7 33 2
1146 11 10 27 19 16 6 3 7 33 2 21 26
1147 11 10 27 19 16 6 3 7 33 2 21 26
1148 10 10 27 19 16 6 3 7 33 2 21
1149 9 10 27 19 16 6 3 7 33 2
1150 8 10 27 19 16 6 3 7 33
1151 10 10 27 19 16 6 3 7 33 2 21
1152 10 10 27 19 16 6 3 7 33 2 21
1153 9 10 27 19 16 6 3 7 33 2
1154 8 10 27 19 16 6 3 7 33
1155 11 10 27 19 16 6 3 7 33 2 21 26
1156 8 10 27 19 16 6 3 7 33
1157 11 10 27 19 16 6 3 7 33 2 21 26
1158 9 10 27 19 16 6 3 7 33 2
1159 9 10 27 19 16 6 3 7 33 2
1160 8 10 27 19 16 6 3 7 33
1161 10 10 27 19 16 6 3 7 33 2 21
1162 11 10 27 19 16 6 3 7 33 2 21 26
1163 7 10 27 19 16 6 3 7
1164 13 10 27 19 16 6 3 7 33 2 21 26 1 22
1165 7 10 27 19 16 6 3 7
1166 9 10 27 19 16 6 3 7 33 2
1167 7 10 27 19 16 6 3 7
1168 8 10 27 19 16 6 3 7 33
1169 9 10 27 19 16 6 3 7 33 2
1170 11 10 27 19 16 6 3 7 33 2 21 26
1171 12 10 27 19 16 6 3 7 33 2 21 26 1
1172 8 10 27 19 16 6 3 7 33
1173 9 10 27 19 16 6 3 7 33 2
1174 12 10 27 19 16 6 3 7 33 2 21 26 1
1175 9 10 27 19 16 6 3 7 33 2
1176 6 10 27 19 16 6 3
1177 12 10 27 19 16 6 3 7 33 2 21 26 1
1178 12 10 27 19 16 6 3 7 33 2 21 26 1
1179 11 10 27 19 16 6 3 7 33 2 21 26
1180 8 10 27 19 16 6 3 7 33
1181 9 10 27 19 16 6 3 7 33 2
1182 7 10 27 19 16 6 3 7
1183 10 10 27 19 16 6 3 7 33 2 21
1184 8 10 27 19 16 6 3 7 33
1185 13 10 27 19 16 6 3 7 33 2 21 26 1 22
1186 10 10 27 19 16 6 3 7 33 2 21
1187 11 10 27 19 16 6 3 7 33 2 21 26
1188 8 10 27 19 16 6 3 7 33
1189 9 10 27 19 16 6 3 7 33 2
1190 9 10 27 19 16 6 3 7 33 2
1191 11 10 27 19 16 6 3 7 33 2 21 26
1192 7 10 27 19 16 6 3 7
1193 9 10 27 19 16 6 3 7 33 2
1194 11 10 27 19 16 6 3 7 33 2 21 26
1195 11 10 27 19 16 6 3 7 33 2 21 26
1196 11 10 27 19 16 6 3 7 33 2 21 26
1197 9 10 27 19 16 6 3 7 33 2
1198 9 10 27 19 16 6 3 7 33 2
1199 7 10 27 19 16 6 3 7
1200 9 10 27 19 16 6 3 7 33 2
1201 10 10 27 19 16 6 3 7 33 2 21
1202 7 10 27 19 16 6 3 7
1203 7 10 27 19 16 6 3 7
1204 10 10 27 19 16 6 3 7 33 2 21
1205 10 10 27 19 16 6 3 7 33 2 21
1206 9 10 27 19 16 6 3 7 33 2
1207 8 10 27 19 16 6 3 7 33
1208 10 10 27 19 16 6 3 7 33 2 21
1209 9 10 27 19 16 6 3 7 33 2
1210 6 10 27 19 16 6 3
1211 10 10 27 19 16 6 3 7 33 2 21
1212 9 10 27 19 16 6 3 7 33 2
1213 10 10 27 19 16 6 3 7 33 2 21
1214 6 10 27 19 16 6 3
1215 10 10 27 19 16 6 3 7 33 2 21
1216 5 10 27 19 16 6
1217 5 10 27 19 16 6
1218 7 10 27 19 16 6 3 7
1219 8 10 27 19 16 6 3 7 33
1220 11 10 27 19 16 6 3 7 33 2 21 26
1221 10 10 27 19 16 6 3 7 33 2 21
1222 10 10 27 19 16 6 3 7 33 2 21
1223 9 10 27 19 16 6 3 7 33 2
1224 7 10 27 19 16 6 3 7
1225 10 10 27 19 16 6 3 7 33 2 21
1226 9 10 27 19 16 6 3 7 33 2
1227 12 10 27 19 16 6 3 7 33 2 21 26 1
1228 8 10 27 19 16 6 3 7 33
1229 12 10 27 19 16 6 3 7 33 2 21 26 1
1230 8 10 27 19 16 6 3 7 33
1231 11 10 27 19 16 6 3 7 33 2 21 26
1232 10 10 27 19 16 6 3 7 33 2 21
1233 10 10 27 19 16 6 3 7 33 2 21
1234 9 10 27 19 16 6 3 7 33 2
1235 10 10 27 19 16 6 3 7 33 2 21
1236 8 10 27 19 16 6 3 7 33
1237 6 10 27 19 16 6 3
1238 9 10 27 19 16 6 3 7 33 2
1239 9 10 27 19 16 6 3 7 33 2
1240 10 10 27 19 16 6 3 7 33 2 21
1241 9 10 27 19 16 6 3 7 33 2
1242 13 10 27 19 16 6 3 7 33 2 21 26 1 22
1243 8 10 27 19 16 6 3 7 33
1244 12 10 27 19 16 6 3 7 33 2 21 26 1
1245 11 10 27 19 16 6 3 7 33 2 21 26
1246 8 10 27 19 16 6 3 7 33
1247 9 10 27 19 16 6 3 7 33 2
1248 7 10 27 19 16 6 3 7
1249 9 10 27 19 16 6 3 7 33 2
1250 9 10 27 19 16 6 3 7 33 2
1251 11 10 27 19 16 6 3 7 33 2 21 26
1252 8 10 27 19 16 6 3 7 33
1253 7 10 27 19 16 6 3 7
1254 11 10 27 19 16 6 3 7 33 2 21 26
1255 13 10 27 19 16 6 3 7 33 2 21 26 1 22
1256 7 10 27 19 16 6 3 7
1257 8 10 27 19 16 6 3 7 33
1258 8 10 27 19 16 6 3 7 33
1259 11 10 27 19 16 6 3 7 33 2 21 26
1260 9 10 27 19 16 6 3 7 33 2
1261 8 10 27 19 16 6 3 7 33
1262 8 10 27 19 16 6 3 7 33
1263 13 10 27 19 16 6 3 7 33 2 21 26 1 22
1264 7 10 27 19 16 6 3 7
1265 9 10 27 19 16 6 3 7 33 2
1266 5 10 27 19 16 6
1267 9 10 27 19 16 6 3 7 33 2
1268 12 10 27 19 16 6 3 7 33 2 21 26 1
1269 8 10 27 19 16 6 3 7 33
1270 9 10 27 19 16 6 3 7 33 2
1271 8 10 27 19 16 6 3 7 33
1272 9 10 27 19 16 6 3 7 33 2
1273 8 10 27 19 16 6 3 7 33
1274 11 10 27 19 16 6 3 7 33 2 21 26
1275 11 10 27 19 16 6 3 7 33 2 21 26
1276 6 10 27 19 16 6 3
1277 12 10 27 19 16 6 3 7 33 2 21 26 1
1278 8 10 27 19 16 6 3 7 33
1279 9 10 27 19 16 6 3 7 33 2
1280 13 10 27 19 16 6 3 7 33 2 21 26 1 22
1281 9 10 27 19 16 6 3 7 33 2
1282 10 10 27 19 16 6 3 7 33 2 21
1283 10 10 27 19 16 6 3 7 33 2 21
1284 10 10 27 19 16 6 3 7 33 2 21
1285 9 10 27 19 16 6 3 7 33 2
1286 9 10 27 19 16 6 3 7 33 2
1287 10 10 27 19 16 6 3 7 33 2 21
1288 8 10 27 19 16 6 3 7 33
1289 12 10 27 19 16 6 3 7 33 2 21 26 1
1290 8 10 27 19 16 6 3 7 33
1291 12 10 27 19 16 6 3 7 33 2 21 26 1
1292 9 10 27 19 16 6 3 7 33 2
1293 11 10 27 19 16 6 3 7 33 2 21 26
1294 10 10 27 19 16 6 3 7 33 2 21
1295 11 10 27 19 16 6 3 7 33 2 21 26
1296 10 10 27 19 16 6 3 7 33 2 21
1297 10 10 27 19 16 6 3 7 33 2 21
1298 10 10 27 19 16 6 3 7 33 2 21
1299 8 10 27 19 16 6 3 7 33
1300 9 10 27 19 16 6 3 7 33 2
1301 8 10 27 19 16 6 3 7 33
1302 10 10 27 19 16 6 3 7 33 2 21
1303 9 10 27 19 16 6 3 7 33 2
1304 11 10 27 19 16 6 3 7 33 2 21 26
1305 8 10 27 19 16 6 3 7 33
1306 8 10 27 19 16 6 3 7 33
1307 11 10 27 19 16 6 3 7 33 2 21 26
1308 9 10 27 19 16 6 3 7 33 2
1309 6 10 27 19 16 6 3
1310 8 10 27 19 16 6 3 7 33
1311 8 10 27 19 16 6 3 7 33
1312 8 10 27 19 16 6 3 7 33
1313 11 10 27 19 16 6 3 7 33 2 21 26
1314 11 10 27 19 16 6 3 7 33 2 21 26
1315 12 10 27 19 16 6 3 7 33 2 21 26 1
1316 9 10 27 19 16 6 3 7 33 2
1317 11 10 27 19 16 6 3 7 33 2 21 26
1318 11 10 27 19 16 6 3 7 33 2 21 26
1319 14 10 27 19 16 6 3 7 33 2 21 26 1 22 5
1320 10 10 27 19 16 6 3 7 33 2 21
1321 14 10 27 19 16 6 3 7 33 2 21 26 1 22 5
1322 7 10 27 19 16 6 3 7
1323 10 10 27 19 16 6 3 7 33 2 21
1324 13 10 27 19 16 6 3 7 33 2 21 26 1 22
1325 9 10 27 19 16 6 3 7 33 2
1326 10 10 27 19 16 6 3 7 33 2 21
1327 10 10 27 19 16 6 3 7 33 2 21
1328 12 10 27 19 16 6 3 7 33 2 21 26 1
1329 10 10 27 19 16 6 3 7 33 2 21
1330 9 10 27 19 16 6 3 7 33 2
1331 8 10 27 19 16 6 3 7 33
1332 9 10 27 19 16 6 3 7 33 2
1333 8 10 27 19 16 6 3 7 33
1334 9 10 27 19 16 6 3 7 33 2
1335 11 10 27 19 16 6 3 7 33 2 21 26
1336 8 10 27 19 16 6 3 7 33
1337 8 10 27 19 16 6 3 7 33
1338 10 10 27 19 16 6 3 7 33 2 21
1339 8 10 27 19 16 6 3 7 33
1340 6 10 27 19 16 6 3
1341 8 10 27 19 16 6 3 7 33
1342 9 10 27 19 16 6 3 7 33 2
1343 8 10 27 19 16 6 3 7 33
1344 8 10 27 19 16 6 3 7 33
1345 10 10 27 19 16 6 3 7 33 2 21
1346 9 10 27 19 16 6 3 7 33 2
1347 8 10 27 19 16 6 3 7 33
1348 9 10 27 19 16 6 3 7 33 2
1349 8 10 27 19 16 6 3 7 33
1350 11 10 27 19 16 6 3 7 33 2 21 26
1351 9 10 27 19 16 6 3 7 33 2
1352 10 10 27 19 16 6 3 7 33 2 21
1353 9 10 27 19 16 6 3 7 33 2
1354 12 10 27 19 16 6 3 7 33 2 21 26 1
1355 8 10 27 19 16 6 3 7 33
1356 7 10 27 19 16 6 3 7
1357 7 10 27 19 16 6 3 7
1358 9 10 27 19 16 6 3 7 33 2
1359 10 10 27 19 16 6 3 7 33 2 21
1360 10 10 27 19 16 6 3 7 33 2 21
1361 8 10 27 19 16 6 3 7 33
1362 8 10 27 19 16 6 3 7 33
1363 10 10 27 19 16 6 3 7 33 2 21
1364 6 10 27 19 16 6 3
1365 9 10 27 19 16 6 3 7 33 2
1366 13 10 27 19 16 6 3 7 33 2 21 26 1 22
1367 10 10 27 19 16 6 3 7 33 2 21
1368 9 10 27 19 16 6 3 7 33 2
1369 12 10 27 19 16 6 3 7 33 2 21 26 1
1370 10 10 27 19 16 6 3 7 33 2 21
1371 9 10 27 19 16 6 3 7 33 2
1372 9 10 27 19 16 6 3 7 33 2
1373 8 10 27 19 16 6 3 7 33
1374 9 10 27 19 16 6 3 7 33 2
1375 8 10 27 19 16 6 3 7 33
1376 8 10 27 19 16 6 3 7 33
1377 10 10 27 19 16 6 3 7 33 2 21
1378 8 10 27 19 16 6 3 7 33
1379 9 10 27 19 16 6 3 7 33 2
1380 9 10 27 19 16 6 3 7 33 2
1381 9 10 27 19 16 6 3 7 33 2
1382 8 10 27 19 16 6 3 7 33
1383 11 10 27 19 16 6 3 7 33 2 21 26
1384 8 10 27 19 16 6 3 7 33
1385 8 10 27 19 16 6 3 7 33
1386 9 10 27 19 16 6 3 7 33 2
1387 10 10 27 19 16 6 3 7 33 2 21
1388 9 10 27 19 16 6 3 7 33 2
1389 8 10 27 19 16 6 3 7 33
1390 11 10 27 19 16 6 3 7 33 2 21 26
1391 7 10 27 19 16 6 3 7
1392 9 10 27 19 16 6 3 7 33 2
1393 11 10 27 19 16 6 3 7 33 2 21 26
1394 11 10 27 19 16 6 3 7 33 2 21 26
1395 8 10 27 19 16 6 3 7 33
1396 9 10 27 19 16 6 3 7 33 2
1397 9 10 27 19 16 6 3 7 33 2
1398 7 10 27 19 16 6 3 7
1399 10 10 27 19 16 6 3 7 33 2 21
1400 11 10 27 19 16 6 3 7 33 2 21 26
1401 9 10 27 19 16 6 3 7 33 2
1402 9 10 27 19 16 6 3 7 33 2
1403 9 10 27 19 16 6 3 7 33 2
1404 11 10 27 19 16 6 3 7 33 2 21 26
1405 9 10 27 19 16 6 3 7 33 2
1406 9 10 27 19 16 6 3 7 33 2
1407 6 10 27 19 16 6 3
1408 10 10 27 19 16 6 3 7 33 2 21
1409 11 10 27 19 16 6 3 7 33 2 21 26
1410 10 10 27 19 16 6 3 7 33 2 21
1411 7 10 27 19 16 6 3 7
1412 11 10 27 19 16 6 3 7 33 2 21 26
1413 9 10 27 19 16 6 3 7 33 2
1414 12 10 27 19 16 6 3 7 33 2 21 26 1
1415 7 10 27 19 16 6 3 7
1416 7 10 27 19 16 6 3 7
1417 8 10 27 19 16 6 3 7 33
1418 8 10 27 19 16 6 3 7 33
1419 9 10 27 19 16 6 3 7 33 2
1420 11 10 27 19 16 6 3 7 33 2 21 26
1421 8 10 27 19 16 6 3 7 33
1422 7 10 27 19 16 6 3 7
1423 9 10 27 19 16 6 3 7 33 2
1424 11 10 27 19 16 6 3 7 33 2 21 26
1425 12 10 27 19 16 6 3 7 33 2 21 26 1
1426 11 10 27 19 16 6 3 7 33 2 21 26
1427 9 10 27 19 16 6 3 7 33 2
1428 11 10 27 19 16 6 3 7 33 2 21 26
1429 7 10 27 19 16 6 3 7
1430 10 10 27 19 16 6 3 7 33 2 21
1431 9 10 27 19 16 6 3 7 33 2
1432 8 10 27 19 16 6 3 7 33
1433 9 10 27 19 16 6 3 7 33 2
1434 7 10 27 19 16 6 3 7
1435 9 10 27 19 16 6 3 7 33 2
1436 7 10 27 19 16 6 3 7
1437 7 10 27 19 16 6 3 7
1438 11 10 27 19 16 6 3 7 33 2 21 26
1439 9 10 27 19 16 6 3 7 33 2
1440 9 10 27 19 16 6 3 7 33 2
1441 11 10 27 19 16 6 3 7 33 2 21 26
1442 8 10 27 19 16 6 3 7 33
1443 9 10 27 19 16 6 3 7 33 2
1444 8 10 27 19 16 6 3 7 33
1445 12 10 27 19 16 6 3 7 33 2 21 26 1
1446 7 10 27 19 16 6 3 7
1447 8 10 27 19 16 6 3 7 33
1448 9 10 27 19 16 6 3 7 33 2
1449 10 10 27 19 16 6 3 7 33 2 21
1450 8 10 27 19 16 6 3 7 33
1451 8 10 27 19 16 6 3 7 33
1452 9 10 27 19 16 6 3 7 33 2
1453 9 10 27 19 16 6 3 7 33 2
1454 9 10 27 19 16 6 3 7 33 2
1455 6 10 27 19 16 6 3
1456 11 10 27 19 16 6 3 7 33 2 21 26
1457 9 10 27 19 16 6 3 7 33 2
1458 10 10 27 19 16 6 3 7 33 2 21
1459 9 10 27 19 16 6 3 7 33 2
1460 11 10 27 19 16 6 3 7 33 2 21 26
1461 10 10 27 19 16 6 3 7 33 2 21
1462 9 10 27 19 16 6 3 7 33 2
1463 8 10 27 19 16 6 3 7 33
1464 10 10 27 19 16 6 3 7 33 2 21
1465 10 10 27 19 16 6 3 7 33 2 21
1466 8 10 27 19 16 6 3 7 33
1467 9 10 27 19 16 6 3 7 33 2
1468 10 10 27 19 16 6 3 7 33 2 21
1469 11 10 27 19 16 6 3 7 33 2 21 26
1470 11 10 27 19 16 6 3 7 33 2 21 26
1471 8 10 27 19 16 6 3 7 33
1472 8 10 27 19 16 6 3 7 33
1473 8 10 27 19 16 6 3 7 33
1474 9 10 27 19 16 6 3 7 33 2
1475 12 10 27 19 16 6 3 7 33 2 21 26 1
1476 11 10 27 19 16 6 3 7 33 2 21 26
1477 8 10 27 19 16 6 3 7 33
1478 10 10 27 19 16 6 3 7 33 2 21
1479 11 10 27 19 16 6 3 7 33 2 21 26
1480 11 10 27 19 16 6 3 7 33 2 21 26
1481 12 10 27 19 16 6 3 7 33 2 21 26 1
1482 10 10 27 19 16 6 3 7 33 2 21
1483 11 10 27 19 16 6 3 7 33 2 21 26
1484 8 10 27 19 16 6 3 7 33
1485 7 10 27 19 16 6 3 7
1486 8 10 27 19 16 6 3 7 33
1487 8 10 27 19 16 6 3 7 33
1488 7 10 27 19 16 6 3 7
1489 9 10 27 19 16 6 3 7 33 2
1490 11 10 27 19 16 6 3 7 33 2 21 26
1491 10 10 27 19 16 6 3 7 33 2 21
1492 9 10 27 19 16 6 3 7 33 2
1493 10 10 27 19 16 6 3 7 33 2 21
1494 8 10 27 19 16 6 3 7 33
1495 7 10 27 19 16 6 3 7
1496 9 10 27 19 16 6 3 7 33 2
1497 11 10 27 19 16 6 3 7 33 2 21 26
1498 7 10 27 19 16 6 3 7
1499 10 10 27 19 16 6 3 7 33 2 21
1500 8 10 27 19 16 6 3 7 33
1501 7 10 27 19 16 6 3 7
1502 9 10 27 19 16 6 3 7 33 2
1503 12 10 27 19 16 6 3 7 33 2 21 26 1
1504 11 10 27 19 16 6 3 7 33 2 21 26
1505 10 10 27 19 16 6 3 7 33 2 21
1506 7 10 27 19 16 6 3 7
1507 12 10 27 19 16 6 3 7 33 2 21 26 1
1508 7 10 27 19 16 6 3 7
1509 8 10 27 19 16 6 3 7 33
1510 9 10 27 19 16 6 3 7 33 2
1511 6 10 27 19 16 6 3
1512 9 10 27 19 16 6 3 7 33 2
1513 8 10 27 19 16 6 3 7 33
1514 8 10 27 19 16 6 3 7 33
1515 12 10 27 19 16 6 3 7 33 2 21 26 1
1516 9 10 27 19 16 6 3 7 33 2
1517 6 10 27 19 16 6 3
1518 8 10 27 19 16 6 3 7 33
1519 8 10 27 19 16 6 3 7 33
1520 9 10 27 19 16 6 3 7 33 2
1521 8 10 27 19 16 6 3 7 33
1522 8 10 27 19 16 6 3 7 33
1523 9 10 27 19 16 6 3 7 33 2
1524 10 10 27 19 16 6 3 7 33 2 21
1525 11 10 27 19 16 6 3 7 33 2 21 26
1526 9 10 27 19 16 6 3 7 33 2
1527 9 10 27 19 16 6 3 7 33 2
1528 8 10 27 19 16 6 3 7 33
1529 10 10 27 19 16 6 3 7 33 2 21
1530 11 10 27 19 16 6 3 7 33 2 21 26
1531 9 10 27 19 16 6 3 7 33 2
1532 10 10 27 19 16 6 3 7 33 2 21
1533 8 10 27 19 16 6 3 7 33
1534 8 10 27 19 16 6 3 7 33
1535 12 10 27 19 16 6 3 7 33 2 21 26 1
1536 9 10 27 19 16 6 3 7 33 2
1537 8 10 27 19 16 6 3 7 33
1538 13 10 27 19 16 6 3 7 33 2 21 26 1 22
1539 9 10 27 19 16 6 3 7 33 2
1540 10 10 27 19 16 6 3 7 33 2 21
1541 7 10 27 19 16 6 3 7
1542 9 10 27 19 16 6 3 7 33 2
1543 10 10 27 19 16 6 3 7 33 2 21
1544 10 10 27 19 16 6 3 7 33 2 21
1545 8 10 27 19 16 6 3 7 33
1546 8 10 27 19 16 6 3 7 33
1547 8 10 27 19 16 6 3 7 33
1548 12 10 27 19 16 6 3 7 33 2 21 26 1
1549 9 10 27 19 16 6 3 7 33 2
1550 7 10 27 19 16 6 3 7
1551 10 10 27 19 16 6 3 7 33 2 21
1552 9 10 27 19 16 6 3 7 33 2
1553 11 10 27 19 16 6 3 7 33 2 21 26
1554 10 10 27 19 16 6 3 7 33 2 21
1555 12 10 27 19 16 6 3 7 33 2 21 26 1
1556 10 10 27 19 16 6 3 7 33 2 21
1557 11 10 27 19 16 6 3 7 33 2 21 26
1558 10 10 27 19 16 6 3 7 33 2 21
1559 10 10 27 19 16 6 3 7 33 2 21
1560 8 10 27 19 16 6 3 7 33
1561 8 10 27 19 16 6 3 7 33
1562 14 10 27 19 16 6 3 7 33 2 21 26 1 22 5
1563 12 10 27 19 16 6 3 7 33 2 21 26 1
1564 7 10 27 19 16 6 3 7
1565 9 10 27 19 16 6 3 7 33 2
1566 8 10 27 19 16 6 3 7 33
1567 8 10 27 19 16 6 3 7 33
1568 10 10 27 19 16 6 3 7 33 2 21
1569 8 10 27 19 16 6 3 7 33
1570 8 10 27 19 16 6 3 7 33
1571 8 10 27 19 16 6 3 7 33
1572 8 10 27 19 16 6 3 7 33
1573 10 10 27 19 16 6 3 7 33 2 21
1574 9 10 27 19 16 6 3 7 33 2
1575 10 10 27 19 16 6 3 7 33 2 21
1576 8 10 27 19 16 6 3 7 33
1577 6 10 27 19 16 6 3
1578 12 10 27 19 16 6 3 7 33 2 21 26 1
1579 8 10 27 19 16 6 3 7 33
1580 10 10 27 19 16 6 3 7 33 2 21
1581 8 10 27 19 16 6 3 7 33
1582 9 10 27 19 16 6 3 7 33 2
1583 9 10 27 19 16 6 3 7 33 2
1584 12 10 27 19 16 6 3 7 33 2 21 26 1
1585 10 10 27 19 16 6 3 7 33 2 21
1586 8 10 27 19 16 6 3 7 33
1587 12 10 27 19 16 6 3 7 33 2 21 26 1
1588 9 10 27 19 16 6 3 7 33 2
1589 11 10 27 19 16 6 3 7 33 2 21 26
1590 8 10 27 19 16 6 3 7 33
1591 10 10 27 19 16 6 3 7 33 2 21
1592 10 10 27 19 16 6 3 7 33 2 21
1593 13 10 27 19 16 6 3 7 33 2 21 26 1 22
1594 8 10 27 19 16 6 3 7 33
1595 9 10 27 19 16 6 3 7 33 2
1596 8 10 27 19 16 6 3 7 33
1597 12 10 27 19 16 6 3 7 33 2 21 26 1
1598 9 10 27 19 16 6 3 7 33 2
1599 9 10 27 19 16 6 3 7 33 2
1600 10 10 27 19 16 6 3 7 33 2 21
1601 8 10 27 19 16 6 3 7 33
1602 12 10 27 19 16 6 3 7 33 2 21 26 1
1603 8 10 27 19 16 6 3 7 33
1604 9 10 27 19 16 6 3 7 33 2
1605 10 10 27 19 16 6 3 7 33 2 21
1606 9 10 27 19 16 6 3 7 33 2
1607 10 10 27 19 16 6 3 7 33 2 21
1608 9 10 27 19 16 6 3 7 33 2
1609 9 10 27 19 16 6 3 7 33 2
1610 12 10 27 19 16 6 3 7 33 2 21 26 1
1611 13 10 27 19 16 6 3 7 33 2 21 26 1 22
1612 7 10 27 19 16 6 3 7
1613 9 10 27 19 16 6 3 7 33 2
1614 10 10 27 19 16 6 3 7 33 2 21
1615 9 10 27 19 16 6 3 7 33 2
1616 9 10 27 19 16 6 3 7 33 2
1617 9 10 27 19 16 6 3 7 33 2
1618 11 10 27 19 16 6 3 7 33 2 21 26
1619 12 10 27 19 16 6 3 7 33 2 21 26 1
1620 8 10 27 19 16 6 3 7 33
1621 6 10 27 19 16 6 3
1622 9 10 27 19 16 6 3 7 33 2
1623 8 10 27 19 16 6 3 7 33
1624 8 10 27 19 16 6 3 7 33
1625 8 10 27 19 16 6 3 7 33
1626 9 10 27 19 16 6 3 7 33 2
1627 9 10 27 19 16 6 3 7 33 2
1628 12 10 27 19 16 6 3 7 33 2 21 26 1
1629 7 10 27 19 16 6 3 7
1630 11 10 27 19 16 6 3 7 33 2 21 26
1631 12 10 27 19 16 6 3 7 33 2 21 26 1
1632 10 10 27 19 16 6 3 7 33 2 21
1633 11 10 27 19 16 6 3 7 33 2 21 26
1634 10 10 27 19 16 6 3 7 33 2 21
1635 12 10 27 19 16 6 3 7 33 2 21 26 1
1636 9 10 27 19 16 6 3 7 33 2
1637 9 10 27 19 16 6 3 7 33 2
1638 9 10 27 19 16 6 3 7 33 2
1639 7 10 27 19 16 6 3 7
1640 9 10 27 19 16 6 3 7 33 2
1641 10 10 27 19 16 6 3 7 33 2 21
1642 10 10 27 19 16 6 3 7 33 2 21
1643 7 10 27 19 16 6 3 7
1644 9 10 27 19 16 6 3 7 33 2
1645 9 10 27 19 16 6 3 7 33 2
1646 8 10 27 19 16 6 3 7 33
1647 9 10 27 19 16 6 3 7 33 2
1648 14 10 27 19 16 6 3 7 33 2 21 26 1 22 5
1649 7 10 27 19 16 6 3 7
1650 12 10 27 19 16 6 3 7 33 2 21 26 1
1651 12 10 27 19 16 6 3 7 33 2 21 26 1
1652 9 10 27 19 16 6 3 7 33 2
1653 5 10 27 19 16 6
1654 9 10 27 19 16 6 3 7 33 2
1655 7 10 27 19 16 6 3 7
1656 8 10 27 19 16 6 3 7 33
1657 8 10 27 19 16 6 3 7 33
1658 10 10 27 19 16 6 3 7 33 2 21
1659 12 10 27 19 16 6 3 7 33 2 21 26 1
1660 11 10 27 19 16 6 3 7 33 2 21 26
1661 11 10 27 19 16 6 3 7 33 2 21 26
1662 7 10 27 19 16 6 3 7
1663 8 10 27 19 16 6 3 7 33
1664 8 10 27 19 16 6 3 7 33
1665 8 10 27 19 16 6 3 7 33
1666 10 10 27 19 16 6 3 7 33 2 21
1667 9 10 27 19 16 6 3 7 33 2
1668 9 10 27 19 16 6 3 7 33 2
1669 7 10 27 19 16 6 3 7
1670 12 10 27 19 16 6 3 7 33 2 21 26 1
1671 8 10 27 19 16 6 3 7 33
1672 11 10 27 19 16 6 3 7 33 2 21 26
1673 13 10 27 19 16 6 3 7 33 2 21 26 1 22
1674 8 10 27 19 16 6 3 7 33
1675 10 10 27 19 16 6 3 7 33 2 21
1676 8 10 27 19 16 6 3 7 33
1677 10 10 27 19 16 6 3 7 33 2 21
1678 9 10 27 19 16 6 3 7 33 2
1679 8 10 27 19 16 6 3 7 33
1680 9 10 27 19 16 6 3 7 33 2
1681 6 10 27 19 16 6 3
1682 8 10 27 19 16 6 3 7 33
1683 10 10 27 19 16 6 3 7 33 2 21
1684 11 10 27 19 16 6 3 7 33 2 21 26
1685 7 10 27 19 16 6 3 7
1686 10 10 27 19 16 6 3 7 33 2 21
1687 8 10 27 19 16 6 3 7 33
1688 12 10 27 19 16 6 3 7 33 2 21 26 1
1689 8 10 27 19 16 6 3 7 33
1690 9 10 27 19 16 6 3 7 33 2
1691 8 10 27 19 16 6 3 7 33
1692 10 10 27 19 16 6 3 7 33 2 21
1693 13 10 27 19 16 6 3 7 33 2 21 26 1 22
1694 10 10 27 19 16 6 3 7 33 2 21
1695 14 10 27 19 16 6 3 7 33 2 21 26 1 22 5
1696 8 10 27 19 16 6 3 7 33
1697 9 10 27 19 16 6 3 7 33 2
1698 9 10 27 19 16 6 3 7 33 2
1699 11 10 27 19 16 6 3 7 33 2 21 26
1700 9 10 27 19 16 6 3 7 33 2
1701 8 10 27 19 16 6 3 7 33
1702 9 10 27 19 16 6 3 7 33 2
1703 10 10 27 19 16 6 3 7 33 2 21
1704 9 10 27 19 16 6 3 7 33 2
1705 12 10 27 19 16 6 3 7 33 2 21 26 1
1706 12 10 27 19 16 6 3 7 33 2 21 26 1
1707 9 10 27 19 16 6 3 7 33 2
1708 9 10 27 19 16 6 3 7 33 2
1709 9 10 27 19 16 6 3 7 33 2
1710 7 10 27 19 16 6 3 7
1711 8 10 27 19 16 6 3 7 33
1712 9 10 27 19 16 6 3 7 33 2
1713 9 10 27 19 16 6 3 7 33 2
1714 7 10 27 19 16 6 3 7
1715 11 10 27 19 16 6 3 7 33 2 21 26
1716 9 10 27 19 16 6 3 7 33 2
1717 10 10 27 19 16 6 3 7 33 2 21
1718 8 10 27 19 16 6 3 7 33
1719 10 10 27 19 16 6 3 7 33 2 21
1720 8 10 27 19 16 6 3 7 33
1721 10 10 27 19 16 6 3 7 33 2 21
1722 9 10 27 19 16 6 3 7 33 2
1723 12 10 27 19 16 6 3 7 33 2 21 26 1
1724 7 10 27 19 16 6 3 7
1725 8 10 27 19 16 6 3 7 33
1726 10 10 27 19 16 6 3 7 33 2 21
1727 8 10 27 19 16 6 3 7 33
1728 7 10 27 19 16 6 3 7
1729 9 10 27 19 16 6 3 7 33 2
1730 7 10 27 19 16 6 3 7
1731 8 10 27 19 16 6 3 7 33
1732 10 10 27 19 16 6 3 7 33 2 21
1733 8 10 27 19 16 6 3 7 33
1734 9 10 27 19 16 6 3 7 33 2
1735 9 10 27 19 16 6 3 7 33 2
1736 7 10 27 19 16 6 3 7
1737 10 10 27 19 16 6 3 7 33 2 21
1738 6 10 27 19 16 6 3
1739 11 10 27 19 16 6 3 7 33 2 21 26
1740 7 10 27 19 16 6 3 7
1741 12 10 27 19 16 6 3 7 33 2 21 26 1
1742 8 10 27 19 16 6 3 7 33
1743 10 10 27 19 16 6 3 7 33 2 21
1744 10 10 27 19 16 6 3 7 33 2 21
1745 10 10 27 19 16 6 3 7 33 2 21
1746 12 10 27 19 16 6 3 7 33 2 21 26 1
1747 10 10 27 19 16 6 3 7 33 2 21
1748 10 10 27 19 16 6 3 7 33 2 21
1749 8 10 27 19 16 6 3 7 33
1750 9 10 27 19 16 6 3 7 33 2
1751 8 10 27 19 16 6 3 7 33
1752 10 10 27 19 16 6 3 7 33 2 21
1753 8 10 27 19 16 6 3 7 33
1754 11 10 27 19 16 6 3 7 33 2 21 26
1755 8 10 27 19 16 6 3 7 33
1756 8 10 27 19 16 6 3 7 33
1757 8 10 27 19 16 6 3 7 33
1758 9 10 27 19 16 6 3 7 33 2
1759 9 10 27 19 16 6 3 7 33 2
1760 10 10 27 19 16 6 3 7 33 2 21
1761 6 10 27 19 16 6 3
1762 10 10 27 19 16 6 3 7 33 2 21
1763 7 10 27 19 16 6 3 7
1764 7 10 27 19 16 6 3 7
1765 9 10 27 19 16 6 3 7 33 2
1766 12 10 27 19 16 6 3 7 33 2 21 26 1
1767 10 10 27 19 16 6 3 7 33 2 21
1768 12 10 27 19 16 6 3 7 33 2 21 26 1
1769 8 10 27 19 16 6 3 7 33
1770 9 10 27 19 16 6 3 7 33 2
1771 11 10 27 19 16 6 3 7 33 2 21 26
1772 10 10 27 19 16 6 3 7 33 2 21
1773 11 10 27 19 16 6 3 7 33 2 21 26
1774 13 10 27 19 16 6 3 7 33 2 21 26 1 22
1775 8 10 27 19 16 6 3 7 33
1776 9 10 27 19 16 6 3 7 33 2
1777 7 10 27 19 16 6 3 7
1778 10 10 27 19 16 6 3 7 33 2 21
1779 11 10 27 19 16 6 3 7 33 2 21 26
1780 8 10 27 19 16 6 3 7 33
1781 12 10 27 19 16 6 3 7 33 2 21 26 1
1782 10 10 27 19 16 6 3 7 33 2 21
1783 7 10 27 19 16 6 3 7
1784 8 10 27 19 16 6 3 7 33
1785 11 10 27 19 16 6 3 7 33 2 21 26
1786 8 10 27 19 16 6 3 7 33
1787 7 10 27 19 16 6 3 7
1788 11 10 27 19 16 6 3 7 33 2 21 26
1789 8 10 27 19 16 6 3 7 33
1790 11 10 27 19 16 6 3 7 33 2 21 26
1791 7 10 27 19 16 6 3 7
1792 9 10 27 19 16 6 3 7 33 2
1793 9 10 27 19 16 6 3 7 33 2
1794 9 10 27 19 16 6 3 7 33 2
1795 10 10 27 19 16 6 3 7 33 2 21
1796 8 10 27 19 16 6 3 7 33
1797 11 10 27 19 16 6 3 7 33 2 21 26
1798 7 10 27 19 16 6 3 7
1799 10 10 27 19 16 6 3 7 33 2 21
1800 9 10 27 19 16 6 3 7 33 2
1801 12 10 27 19 16 6 3 7 33 2 21 26 1
1802 11 10 27 19 16 6 3 7 33 2 21 26
1803 11 10 27 19 16 6 3 7 33 2 21 26
1804 9 10 27 19 16 6 3 7 33 2
1805 11 10 27 19 16 6 3 7 33 2 21 26
1806 10 10 27 19 16 6 3 7 33 2 21
1807 9 10 27 19 16 6 3 7 33 2
1808 9 10 27 19 16 6 3 7 33 2
1809 9 10 27 19 16 6 3 7 33 2
1810 6 10 27 19 16 6 3
1811 14 10 27 19 16 6 3 7 33 2 21 26 1 22 5
1812 5 10 27 19 16 6
1813 8 10 27 19 16 6 3 7 33
1814 9 10 27 19 16 6 3 7 33 2
1815 13 10 27 19 16 6 3 7 33 2 21 26 1 22
1816 9 10 27 19 16 6 3 7 33 2
1817 8 10 27 19 16 6 3 7 33
1818 10 10 27 19 16 6 3 7 33 2 21
1819 13 10 27 19 16 6 3 7 33 2 21 26 1 22
1820 10 10 27 19 16 6 3 7 33 2 21
1821 10 10 27 19 16 6 3 7 33 2 21
1822 9 10 27 19 16 6 3 7 33 2
1823 7 10 27 19 16 6 3 7
1824 10 10 27 19 16 6 3 7 33 2 21
1825 9 10 27 19 16 6 3 7 33 2
1826 8 10 27 19 16 6 3 7 33
1827 11 10 27 19 16 6 3 7 33 2 21 26
1828 10 10 27 19 16 6 3 7 33 2 21
1829 7 10 27 19 16 6 3 7
1830 9 10 27 19 16 6 3 7 33 2
1831 8 10 27 19 16 6 3 7 33
1832 11 10 27 19 16 6 3 7 33 2 21 26
1833 7 10 27 19 16 6 3 7
1834 8 10 27 19 16 6 3 7 33
1835 10 10 27 19 16 6 3 7 33 2 21
1836 10 10 27 19 16 6 3 7 33 2 21
1837 8 10 27 19 16 6 3 7 33
1838 8 10 27 19 16 6 3 7 33
1839 6 10 27 19 16 6 3
1840 9 10 27 19 16 6 3 7 33 2
1841 10 10 27 19 16 6 3 7 33 2 21
1842 9 10 27 19 16 6 3 7 33 2
1843 6 10 27 19 16 6 3
1844 7 10 27 19 16 6 3 7
1845 11 10 27 19 16 6 3 7 33 2 21 26
1846 11 10 27 19 16 6 3 7 33 2 21 26
1847 8 10 27 19 16 6 3 7 33
1848 8 10 27 19 16 6 3 7 33
1849 7 10 27 19 16 6 3 7
1850 7 10 27 19 16 6 3 7
1851 6 10 27 19 16 6 3
1852 9 10 27 19 16 6 3 7 33 2
1853 7 10 27 19 16 6 3 7
1854 9 10 27 19 16 6 3 7 33 2
1855 7 10 27 19 16 6 3 7
1856 9 10 27 19 16 6 3 7 33 2
1857 9 10 27 19 16 6 3 7 33 2
1858 10 10 27 19 16 6 3 7 33 2 21
1859 10 10 27 19 16 6 3 7 33 2 21
1860 7 10 27 19 16 6 3 7
1861 8 10 27 19 16 6 3 7 33
1862 10 10 27 19 16 6 3 7 33 2 21
1863 10 10 27 19 16 6 3 7 33 2 21
1864 9 10 27 19 16 6 3 7 33 2
1865 7 10 27 19 16 6 3 7
1866 8 10 27 19 16 6 3 7 33
1867 9 10 27 19 16 6 3 7 33 2
1868 9 10 27 19 16 6 3 7 33 2
1869 9 10 27 19 16 6 3 7 33 2
1870 7 10 27 19 16 6 3 7
1871 9 10 27 19 16 6 3 7 33 2
1872 12 10 27 19 16 6 3 7 33 2 21 26 1
1873 10 10 27 19 16 6 3 7 33 2 21
1874 6 10 27 19 16 6 3
1875 10 10 27 19 16 6 3 7 33 2 21
1876 10 10 27 19 16 6 3 7 33 2 21
1877 10 10 27 19 16 6 3 7 33 2 21
1878 12 10 27 19 16 6 3 7 33 2 21 26 1
1879 8 10 27 19 16 6 3 7 33
1880 9 10 27 19 16 6 3 7 33 2
1881 8 10 27 19 16 6 3 7 33
1882 10 10 27 19 16 6 3 7 33 2 21
1883 6 10 27 19 16 6 3
1884 6 10 27 19 16 6 3
1885 9 10 27 19 16 6 3 7 33 2
1886 9 10 27 19 16 6 3 7 33 2
1887 7 10 27 19 16 6 3 7
1888 10 10 27 19 16 6 3 7 33 2 21
1889 11 10 27 19 16 6 3 7 33 2 21 26
1890 9 10 27 19 16 6 3 7 33 2
1891 9 10 27 19 16 6 3 7 33 2
1892 8 10 27 19 16 6 3 7 33
1893 7 10 27 19 16 6 3 7
1894 11 10 27 19 16 6 3 7 33 2 21 26
1895 9 10 27 19 16 6 3 7 33 2
1896 13 10 27 19 16 6 3 7 33 2 21 26 1 22
1897 7 10 27 19 16 6 3 7
1898 12 10 27 19 16 6 3 7 33 2 21 26 1
1899 9 10 27 19 16 6 3 7 33 2
1900 10 10 27 19 16 6 3 7 33 2 21
1901 8 10 27 19 16 6 3 7 33
1902 8 10 27 19 16 6 3 7 33
1903 9 10 27 19 16 6 3 7 33 2
1904 9 10 27 19 16 6 3 7 33 2
1905 9 10 27 19 16 6 3 7 33 2
1906 11 10 27 19 16 6 3 7 33 2 21 26
1907 9 10 27 19 16 6 3 7 33 2
1908 10 10 27 19 16 6 3 7 33 2 21
1909 12 10 27 19 16 6 3 7 33 2 21 26 1
1910 7 10 27 19 16 6 3 7
1911 8 10 27 19 16 6 3 7 33
1912 11 10 27 19 16 6 3 7 33 2 21 26
1913 11 10 27 19 16 6 3 7 33 2 21 26
1914 12 10 27 19 16 6 3 7 33 2 21 26 1
1915 10 10 27 19 16 6 3 7 33 2 21
1916 9 10 27 19 16 6 3 7 33 2
1917 9 10 27 19 16 6 3 7 33 2
1918 8 10 27 19 16 6 3 7 33
1919 12 10 27 19 16 6 3 7 33 2 21 26 1
1920 8 10 27 19 16 6 3 7 33
1921 7 10 27 19 16 6 3 7
1922 9 10 27 19 16 6 3 7 33 2
1923 9 10 27 19 16 6 3 7 33 2
1924 6 10 27 19 16 6 3
1925 11 10 27 19 16 6 3 7 33 2 21 26
1926 11 10 27 19 16 6 3 7 33 2 21 26
1927 9 10 27 19 16 6 3 7 33 2
1928 9 10 27 19 16 6 3 7 33 2
1929 9 10 27 19 16 6 3 7 33 2
1930 8 10 27 19 16 6 3 7 33
1931 10 10 27 19 16 6 3 7 33 2 21
1932 11 10 27 19 16 6 3 7 33 2 21 26
1933 9 10 27 19 16 6 3 7 33 2
1934 9 10 27 19 16 6 3 7 33 2
1935 8 10 27 19 16 6 3 7 33
1936 11 10 27 19 16 6 3 7 33 2 21 26
1937 9 10 27 19 16 6 3 7 33 2
1938 11 10 27 19 16 6 3 7 33 2 21 26
1939 8 10 27 19 16 6 3 7 33
1940 10 10 27 19 16 6 3 7 33 2 21
1941 10 10 27 19 16 6 3 7 33 2 21
1942 8 10 27 19 16 6 3 7 33
1943 14 10 27 19 16 6 3 7 33 2 21 26 1 22 5
1944 9 10 27 19 16 6 3 7 33 2
1945 13 10 27 19 16 6 3 7 33 2 21 26 1 22
1946 7 10 27 19 16 6 3 7
1947 11 10 27 19 16 6 3 7 33 2 21 26
1948 8 10 27 19 16 6 3 7 33
1949 9 10 27 19 16 6 3 7 33 2
1950 8 10 27 19 16 6 3 7 33
1951 10 10 27 19 16 6 3 7 33 2 21
1952 11 10 27 19 16 6 3 7 33 2 21 26
1953 8 10 27 19 16 6 3 7 33
1954 12 10 27 19 16 6 3 7 33 2 21 26 1
1955 10 10 27 19 16 6 3 7 33 2 21
1956 10 10 27 19 16 6 3 7 33 2 21
1957 10 10 27 19 16 6 3 7 33 2 21
1958 10 10 27 19 16 6 3 7 33 2 21
1959 7 10 27 19 16 6 3 7
1960 9 10 27 19 16 6 3 7 33 2
1961 7 10 27 19 16 6 3 7
1962 9 10 27 19 16 6 3 7 33 2
1963 8 10 27 19 16 6 3 7 33
1964 10 10 27 19 16 6 3 7 33 2 21
1965 7 10 27 19 16 6 3 7
1966 11 10 27 19 16 6 3 7 33 2 21 26
1967 9 10 27 19 16 6 3 7 33 2
1968 11 10 27 19 16 6 3 7 33 2 21 26
1969 9 10 27 19 16 6 3 7 33 2
1970 9 10 27 19 16 6 3 7 33 2
1971 9 10 27 19 16 6 3 7 33 2
1972 8 10 27 19 16 6 3 7 33
1973 9 10 27 19 16 6 3 7 33 2
1974 9 10 27 19 16 6 3 7 33 2
1975 11 10 27 19 16 6 3 7 33 2 21 26
1976 8 10 27 19 16 6 3 7 33
1977 8 10 27 19 16 6 3 7 33
1978 9 10 27 19 16 6 3 7 33 2
1979 7 10 27 19 16 6 3 7
1980 9 10 27 19 16 6 3 7 33 2
1981 8 10 27 19 16 6 3 7 33
1982 11 10 27 19 16 6 3 7 33 2 21 26
1983 8 10 27 19 16 6 3 7 33
1984 10 10 27 19 16 6 3 7 33 2 21
1985 7 10 27 19 16 6 3 7
1986 10 10 27 19 16 6 3 7 33 2 21
1987 8 10 27 19 16 6 3 7 33
1988 7 10 27 19 16 6 3 7
1989 9 10 27 19 16 6 3 7 33 2
1990 10 10 27 19 16 6 3 7 33 2 21
1991 7 10 27 19 16 6 3 7
1992 8 10 27 19 16 6 3 7 33
1993 7 10 27 19 16 6 3 7
1994 13 10 27 19 16 6 3 7 33 2 21 26 1 22
1995 8 10 27 19 16 6 3 7 33
1996 12 10 27 19 16 6 3 7 33 2 21 26 1
1997 8 10 27 19 16 6 3 7 33
1998 8 10 27 19 16 6 3 7 33
1999 10 10 27 19 16 6 3 7 33 2 21
