0 9 7 19 9 15 21 5 22 13 0
1 9 7 19 9 15 21 5 22 13 0
2 5 7 19 9 15 21
3 9 7 19 9 15 21 5 22 13 0
4 9 7 19 9 15 21 5 22 13 0
5 10 7 19 9 15 21 5 22 13 0 1
6 11 7 19 9 15 21 5 22 13 0 1 2
7 9 7 19 9 15 21 5 22 13 0
8 10 7 19 9 15 21 5 22 13 0 1
9 10 7 19 9 15 21 5 22 13 0 1
10 10 7 19 9 15 21 5 22 13 0 1
11 5 7 19 9 15 21
12 9 7 19 9 15 21 5 22 13 0
13 9 7 19 9 15 21 5 22 13 0
14 10 7 19 9 15 21 5 22 13 0 1
15 10 7 19 9 15 21 5 22 13 0 1
16 9 7 19 9 15 21 5 22 13 0
17 10 7 19 9 15 21 5 22 13 0 1
18 9 7 19 9 15 21 5 22 13 0
19 9 7 19 9 15 21 5 22 13 0
20 10 7 19 9 15 21 5 22 13 0 1
21 10 7 19 9 15 21 5 22 13 0 1
22 9 7 19 9 15 21 5 22 13 0
23 10 7 19 9 15 21 5 22 13 0 1
24 10 7 19 9 15 21 5 22 13 0 1
25 9 7 19 9 15 21 5 22 13 0
26 11 7 19 9 15 21 5 22 13 0 1 2
27 10 7 19 9 15 21 5 22 13 0 1
28 10 7 19 9 15 21 5 22 13 0 1
29 9 7 19 9 15 21 5 22 13 0
30 10 7 19 9 15 21 5 22 13 0 1
31 11 7 19 9 15 21 5 22 13 0 1 2
32 9 7 19 9 15 21 5 22 13 0
33 9 7 19 9 15 21 5 22 13 0
34 9 7 19 9 15 21 5 22 13 0
35 11 7 19 9 15 21 5 22 13 0 1 2
36 6 7 19 9 15 21 5
37 9 7 19 9 15 21 5 22 13 0
38 10 7 19 9 15 21 5 22 13 0 1
39 9 7 19 9 15 21 5 22 13 0
40 9 7 19 9 15 21 5 22 13 0
41 10 7 19 9 15 21 5 22 13 0 1
42 5 7 19 9 15 21
43 9 7 19 9 15 21 5 22 13 0
44 10 7 19 9 15 21 5 22 13 0 1
45 7 7 19 9 15 21 5 22
46 5 7 19 9 15 21
47 9 7 19 9 15 21 5 22 13 0
48 10 7 19 9 15 21 5 22 13 0 1
49 9 7 19 9 15 21 5 22 13 0
50 10 7 19 9 15 21 5 22 13 0 1
51 10 7 19 9 15 21 5 22 13 0 1
52 5 7 19 9 15 21
53 9 7 19 9 15 21 5 22 13 0
54 10 7 19 9 15 21 5 22 13 0 1
55 10 7 19 9 15 21 5 22 13 0 1
56 10 7 19 9 15 21 5 22 13 0 1
57 9 7 19 9 15 21 5 22 13 0
58 9 7 19 9 15 21 5 22 13 0
59 9 7 19 9 15 21 5 22 13 0
60 11 7 19 9 15 21 5 22 13 0 1 2
61 9 7 19 9 15 21 5 22 13 0
62 9 7 19 9 15 21 5 22 13 0
63 9 7 19 9 15 21 5 22 13 0
64 10 7 19 9 15 21 5 22 13 0 1
65 10 7 19 9 15 21 5 22 13 0 1
66 9 7 19 9 15 21 5 22 13 0
67 9 7 19 9 15 21 5 22 13 0
68 10 7 19 9 15 21 5 22 13 0 1
69 6 7 19 9 15 21 5
70 6 7 19 9 15 21 5
71 9 7 19 9 15 21 5 22 13 0
72 9 7 19 9 15 21 5 22 13 0
73 9 7 19 9 15 21 5 22 13 0
74 10 7 19 9 15 21 5 22 13 0 1
75 10 7 19 9 15 21 5 22 13 0 1
76 7 7 19 9 15 21 5 22
77 10 7 19 9 15 21 5 22 13 0 1
78 9 7 19 9 15 21 5 22 13 0
79 9 7 19 9 15 21 5 22 13 0
80 10 7 19 9 15 21 5 22 13 0 1
81 5 7 19 9 15 21
82 9 7 19 9 15 21 5 22 13 0
83 11 7 19 9 15 21 5 22 13 0 1 2
84 9 7 19 9 15 21 5 22 13 0
85 10 7 19 9 15 21 5 22 13 0 1
86 8 7 19 9 15 21 5 22 13
87 9 7 19 9 15 21 5 22 13 0
88 11 7 19 9 15 21 5 22 13 0 1 2
89 7 7 19 9 15 21 5 22
90 10 7 19 9 15 21 5 22 13 0 1
91 11 7 19 9 15 21 5 22 13 0 1 2
92 9 7 19 9 15 21 5 22 13 0
93 10 7 19 9 15 21 5 22 13 0 1
94 10 7 19 9 15 21 5 22 13 0 1
95 11 7 19 9 15 21 5 22 13 0 1 2
96 9 7 19 9 15 21 5 22 13 0
97 9 7 19 9 15 21 5 22 13 0
98 9 7 19 9 15 21 5 22 13 0
99 10 7 19 9 15 21 5 22 13 0 1
100 8 7 19 9 15 21 5 22 13
101 10 7 19 9 15 21 5 22 13 0 1
102 11 7 19 9 15 21 5 22 13 0 1 2
103 10 7 19 9 15 21 5 22 13 0 1
104 7 7 19 9 15 21 5 22
105 6 7 19 9 15 21 5
106 8 7 19 9 15 21 5 22 13
107 10 7 19 9 15 21 5 22 13 0 1
108 7 7 19 9 15 21 5 22
109 9 7 19 9 15 21 5 22 13 0
110 10 7 19 9 15 21 5 22 13 0 1
111 9 7 19 9 15 21 5 22 13 0
112 10 7 19 9 15 21 5 22 13 0 1
113 9 7 19 9 15 21 5 22 13 0
114 9 7 19 9 15 21 5 22 13 0
115 11 7 19 9 15 21 5 22 13 0 1 2
116 9 7 19 9 15 21 5 22 13 0
117 9 7 19 9 15 21 5 22 13 0
118 10 7 19 9 15 21 5 22 13 0 1
119 10 7 19 9 15 21 5 22 13 0 1
120 9 7 19 9 15 21 5 22 13 0
121 9 7 19 9 15 21 5 22 13 0
122 9 7 19 9 15 21 5 22 13 0
123 10 7 19 9 15 21 5 22 13 0 1
124 9 7 19 9 15 21 5 22 13 0
125 9 7 19 9 15 21 5 22 13 0
126 10 7 19 9 15 21 5 22 13 0 1
127 9 7 19 9 15 21 5 22 13 0
128 7 7 19 9 15 21 5 22
129 7 7 19 9 15 21 5 22
130 10 7 19 9 15 21 5 22 13 0 1
131 9 7 19 9 15 21 5 22 13 0
132 10 7 19 9 15 21 5 22 13 0 1
133 9 7 19 9 15 21 5 22 13 0
134 9 7 19 9 15 21 5 22 13 0
135 11 7 19 9 15 21 5 22 13 0 1 2
136 10 7 19 9 15 21 5 22 13 0 1
137 11 7 19 9 15 21 5 22 13 0 1 2
138 8 7 19 9 15 21 5 22 13
139 10 7 19 9 15 21 5 22 13 0 1
140 9 7 19 9 15 21 5 22 13 0
141 10 7 19 9 15 21 5 22 13 0 1
142 10 7 19 9 15 21 5 22 13 0 1
143 9 7 19 9 15 21 5 22 13 0
144 9 7 19 9 15 21 5 22 13 0
145 11 7 19 9 15 21 5 22 13 0 1 2
146 9 7 19 9 15 21 5 22 13 0
147 9 7 19 9 15 21 5 22 13 0
148 9 7 19 9 15 21 5 22 13 0
149 9 7 19 9 15 21 5 22 13 0
150 10 7 19 9 15 21 5 22 13 0 1
151 9 7 19 9 15 21 5 22 13 0
152 9 7 19 9 15 21 5 22 13 0
153 11 7 19 9 15 21 5 22 13 0 1 2
154 9 7 19 9 15 21 5 22 13 0
155 7 7 19 9 15 21 5 22
156 5 7 19 9 15 21
157 9 7 19 9 15 21 5 22 13 0
158 9 7 19 9 15 21 5 22 13 0
159 11 7 19 9 15 21 5 22 13 0 1 2
160 8 7 19 9 15 21 5 22 13
161 9 7 19 9 15 21 5 22 13 0
162 10 7 19 9 15 21 5 22 13 0 1
163 9 7 19 9 15 21 5 22 13 0
164 10 7 19 9 15 21 5 22 13 0 1
165 8 7 19 9 15 21 5 22 13
166 10 7 19 9 15 21 5 22 13 0 1
167 10 7 19 9 15 21 5 22 13 0 1
168 9 7 19 9 15 21 5 22 13 0
169 10 7 19 9 15 21 5 22 13 0 1
170 9 7 19 9 15 21 5 22 13 0
171 10 7 19 9 15 21 5 22 13 0 1
172 10 7 19 9 15 21 5 22 13 0 1
173 9 7 19 9 15 21 5 22 13 0
174 10 7 19 9 15 21 5 22 13 0 1
175 9 7 19 9 15 21 5 22 13 0
176 9 7 19 9 15 21 5 22 13 0
177 9 7 19 9 15 21 5 22 13 0
178 11 7 19 9 15 21 5 22 13 0 1 2
179 9 7 19 9 15 21 5 22 13 0
180 10 7 19 9 15 21 5 22 13 0 1
181 9 7 19 9 15 21 5 22 13 0
182 9 7 19 9 15 21 5 22 13 0
183 10 7 19 9 15 21 5 22 13 0 1
184 8 7 19 9 15 21 5 22 13
185 10 7 19 9 15 21 5 22 13 0 1
186 10 7 19 9 15 21 5 22 13 0 1
187 10 7 19 9 15 21 5 22 13 0 1
188 7 7 19 9 15 21 5 22
189 8 7 19 9 15 21 5 22 13
190 10 7 19 9 15 21 5 22 13 0 1
191 11 7 19 9 15 21 5 22 13 0 1 2
192 9 7 19 9 15 21 5 22 13 0
193 11 7 19 9 15 21 5 22 13 0 1 2
194 10 7 19 9 15 21 5 22 13 0 1
195 7 7 19 9 15 21 5 22
196 10 7 19 9 15 21 5 22 13 0 1
197 9 7 19 9 15 21 5 22 13 0
198 9 7 19 9 15 21 5 22 13 0
199 7 7 19 9 15 21 5 22
200 10 7 19 9 15 21 5 22 13 0 1
201 10 7 19 9 15 21 5 22 13 0 1
202 11 7 19 9 15 21 5 22 13 0 1 2
203 6 7 19 9 15 21 5
204 7 7 19 9 15 21 5 22
205 7 7 19 9 15 21 5 22
206 9 7 19 9 15 21 5 22 13 0
207 7 7 19 9 15 21 5 22
208 10 7 19 9 15 21 5 22 13 0 1
209 9 7 19 9 15 21 5 22 13 0
210 10 7 19 9 15 21 5 22 13 0 1
211 10 7 19 9 15 21 5 22 13 0 1
212 9 7 19 9 15 21 5 22 13 0
213 10 7 19 9 15 21 5 22 13 0 1
214 9 7 19 9 15 21 5 22 13 0
215 11 7 19 9 15 21 5 22 13 0 1 2
216 9 7 19 9 15 21 5 22 13 0
217 10 7 19 9 15 21 5 22 13 0 1
218 9 7 19 9 15 21 5 22 13 0
219 10 7 19 9 15 21 5 22 13 0 1
220 9 7 19 9 15 21 5 22 13 0
221 11 7 19 9 15 21 5 22 13 0 1 2
222 8 7 19 9 15 21 5 22 13
223 7 7 19 9 15 21 5 22
224 6 7 19 9 15 21 5
225 5 7 19 9 15 21
226 9 7 19 9 15 21 5 22 13 0
227 9 7 19 9 15 21 5 22 13 0
228 11 7 19 9 15 21 5 22 13 0 1 2
229 9 7 19 9 15 21 5 22 13 0
230 10 7 19 9 15 21 5 22 13 0 1
231 9 7 19 9 15 21 5 22 13 0
232 9 7 19 9 15 21 5 22 13 0
233 9 7 19 9 15 21 5 22 13 0
234 9 7 19 9 15 21 5 22 13 0
235 7 7 19 9 15 21 5 22
236 8 7 19 9 15 21 5 22 13
237 10 7 19 9 15 21 5 22 13 0 1
238 10 7 19 9 15 21 5 22 13 0 1
239 9 7 19 9 15 21 5 22 13 0
240 11 7 19 9 15 21 5 22 13 0 1 2
241 11 7 19 9 15 21 5 22 13 0 1 2
242 9 7 19 9 15 21 5 22 13 0
243 9 7 19 9 15 21 5 22 13 0
244 9 7 19 9 15 21 5 22 13 0
245 10 7 19 9 15 21 5 22 13 0 1
246 5 7 19 9 15 21
247 9 7 19 9 15 21 5 22 13 0
248 10 7 19 9 15 21 5 22 13 0 1
249 9 7 19 9 15 21 5 22 13 0
250 9 7 19 9 15 21 5 22 13 0
251 9 7 19 9 15 21 5 22 13 0
252 10 7 19 9 15 21 5 22 13 0 1
253 7 7 19 9 15 21 5 22
254 9 7 19 9 15 21 5 22 13 0
255 9 7 19 9 15 21 5 22 13 0
256 11 7 19 9 15 21 5 22 13 0 1 2
257 8 7 19 9 15 21 5 22 13
258 9 7 19 9 15 21 5 22 13 0
259 10 7 19 9 15 21 5 22 13 0 1
260 10 7 19 9 15 21 5 22 13 0 1
261 10 7 19 9 15 21 5 22 13 0 1
262 10 7 19 9 15 21 5 22 13 0 1
263 7 7 19 9 15 21 5 22
264 10 7 19 9 15 21 5 22 13 0 1
265 9 7 19 9 15 21 5 22 13 0
266 9 7 19 9 15 21 5 22 13 0
267 9 7 19 9 15 21 5 22 13 0
268 9 7 19 9 15 21 5 22 13 0
269 9 7 19 9 15 21 5 22 13 0
270 9 7 19 9 15 21 5 22 13 0
271 9 7 19 9 15 21 5 22 13 0
272 10 7 19 9 15 21 5 22 13 0 1
273 10 7 19 9 15 21 5 22 13 0 1
274 10 7 19 9 15 21 5 22 13 0 1
275 10 7 19 9 15 21 5 22 13 0 1
276 10 7 19 9 15 21 5 22 13 0 1
277 9 7 19 9 15 21 5 22 13 0
278 11 7 19 9 15 21 5 22 13 0 1 2
279 10 7 19 9 15 21 5 22 13 0 1
280 9 7 19 9 15 21 5 22 13 0
281 10 7 19 9 15 21 5 22 13 0 1
282 9 7 19 9 15 21 5 22 13 0
283 10 7 19 9 15 21 5 22 13 0 1
284 10 7 19 9 15 21 5 22 13 0 1
285 9 7 19 9 15 21 5 22 13 0
286 9 7 19 9 15 21 5 22 13 0
287 9 7 19 9 15 21 5 22 13 0
288 11 7 19 9 15 21 5 22 13 0 1 2
289 11 7 19 9 15 21 5 22 13 0 1 2
290 9 7 19 9 15 21 5 22 13 0
291 7 7 19 9 15 21 5 22
292 10 7 19 9 15 21 5 22 13 0 1
293 7 7 19 9 15 21 5 22
294 6 7 19 9 15 21 5
295 10 7 19 9 15 21 5 22 13 0 1
296 6 7 19 9 15 21 5
297 9 7 19 9 15 21 5 22 13 0
298 10 7 19 9 15 21 5 22 13 0 1
299 7 7 19 9 15 21 5 22
300 10 7 19 9 15 21 5 22 13 0 1
301 9 7 19 9 15 21 5 22 13 0
302 11 7 19 9 15 21 5 22 13 0 1 2
303 10 7 19 9 15 21 5 22 13 0 1
304 10 7 19 9 15 21 5 22 13 0 1
305 9 7 19 9 15 21 5 22 13 0
306 11 7 19 9 15 21 5 22 13 0 1 2
307 7 7 19 9 15 21 5 22
308 7 7 19 9 15 21 5 22
309 10 7 19 9 15 21 5 22 13 0 1
310 10 7 19 9 15 21 5 22 13 0 1
311 10 7 19 9 15 21 5 22 13 0 1
312 11 7 19 9 15 21 5 22 13 0 1 2
313 5 7 19 9 15 21
314 9 7 19 9 15 21 5 22 13 0
315 7 7 19 9 15 21 5 22
316 10 7 19 9 15 21 5 22 13 0 1
317 7 7 19 9 15 21 5 22
318 10 7 19 9 15 21 5 22 13 0 1
319 10 7 19 9 15 21 5 22 13 0 1
320 9 7 19 9 15 21 5 22 13 0
321 11 7 19 9 15 21 5 22 13 0 1 2
322 10 7 19 9 15 21 5 22 13 0 1
323 10 7 19 9 15 21 5 22 13 0 1
324 11 7 19 9 15 21 5 22 13 0 1 2
325 5 7 19 9 15 21
326 9 7 19 9 15 21 5 22 13 0
327 10 7 19 9 15 21 5 22 13 0 1
328 9 7 19 9 15 21 5 22 13 0
329 10 7 19 9 15 21 5 22 13 0 1
330 11 7 19 9 15 21 5 22 13 0 1 2
331 9 7 19 9 15 21 5 22 13 0
332 9 7 19 9 15 21 5 22 13 0
333 11 7 19 9 15 21 5 22 13 0 1 2
334 9 7 19 9 15 21 5 22 13 0
335 6 7 19 9 15 21 5
336 5 7 19 9 15 21
337 7 7 19 9 15 21 5 22
338 9 7 19 9 15 21 5 22 13 0
339 9 7 19 9 15 21 5 22 13 0
340 10 7 19 9 15 21 5 22 13 0 1
341 9 7 19 9 15 21 5 22 13 0
342 8 7 19 9 15 21 5 22 13
343 9 7 19 9 15 21 5 22 13 0
344 10 7 19 9 15 21 5 22 13 0 1
345 9 7 19 9 15 21 5 22 13 0
346 8 7 19 9 15 21 5 22 13
347 10 7 19 9 15 21 5 22 13 0 1
348 9 7 19 9 15 21 5 22 13 0
349 9 7 19 9 15 21 5 22 13 0
350 8 7 19 9 15 21 5 22 13
351 10 7 19 9 15 21 5 22 13 0 1
352 10 7 19 9 15 21 5 22 13 0 1
353 10 7 19 9 15 21 5 22 13 0 1
354 10 7 19 9 15 21 5 22 13 0 1
355 10 7 19 9 15 21 5 22 13 0 1
356 9 7 19 9 15 21 5 22 13 0
357 10 7 19 9 15 21 5 22 13 0 1
358 10 7 19 9 15 21 5 22 13 0 1
359 10 7 19 9 15 21 5 22 13 0 1
360 9 7 19 9 15 21 5 22 13 0
361 10 7 19 9 15 21 5 22 13 0 1
362 7 7 19 9 15 21 5 22
363 6 7 19 9 15 21 5
364 9 7 19 9 15 21 5 22 13 0
365 11 7 19 9 15 21 5 22 13 0 1 2
366 9 7 19 9 15 21 5 22 13 0
367 11 7 19 9 15 21 5 22 13 0 1 2
368 10 7 19 9 15 21 5 22 13 0 1
369 10 7 19 9 15 21 5 22 13 0 1
370 10 7 19 9 15 21 5 22 13 0 1
371 10 7 19 9 15 21 5 22 13 0 1
372 8 7 19 9 15 21 5 22 13
373 10 7 19 9 15 21 5 22 13 0 1
374 9 7 19 9 15 21 5 22 13 0
375 11 7 19 9 15 21 5 22 13 0 1 2
376 9 7 19 9 15 21 5 22 13 0
377 9 7 19 9 15 21 5 22 13 0
378 10 7 19 9 15 21 5 22 13 0 1
379 10 7 19 9 15 21 5 22 13 0 1
380 9 7 19 9 15 21 5 22 13 0
381 9 7 19 9 15 21 5 22 13 0
382 9 7 19 9 15 21 5 22 13 0
383 9 7 19 9 15 21 5 22 13 0
384 7 7 19 9 15 21 5 22
385 10 7 19 9 15 21 5 22 13 0 1
386 10 7 19 9 15 21 5 22 13 0 1
387 9 7 19 9 15 21 5 22 13 0
388 9 7 19 9 15 21 5 22 13 0
389 10 7 19 9 15 21 5 22 13 0 1
390 9 7 19 9 15 21 5 22 13 0
391 11 7 19 9 15 21 5 22 13 0 1 2
392 9 7 19 9 15 21 5 22 13 0
393 11 7 19 9 15 21 5 22 13 0 1 2
394 7 7 19 9 15 21 5 22
395 10 7 19 9 15 21 5 22 13 0 1
396 10 7 19 9 15 21 5 22 13 0 1
397 5 7 19 9 15 21
398 10 7 19 9 15 21 5 22 13 0 1
399 10 7 19 9 15 21 5 22 13 0 1
400 9 7 19 9 15 21 5 22 13 0
401 8 7 19 9 15 21 5 22 13
402 10 7 19 9 15 21 5 22 13 0 1
403 9 7 19 9 15 21 5 22 13 0
404 9 7 19 9 15 21 5 22 13 0
405 9 7 19 9 15 21 5 22 13 0
406 10 7 19 9 15 21 5 22 13 0 1
407 10 7 19 9 15 21 5 22 13 0 1
408 9 7 19 9 15 21 5 22 13 0
409 9 7 19 9 15 21 5 22 13 0
410 9 7 19 9 15 21 5 22 13 0
411 10 7 19 9 15 21 5 22 13 0 1
412 11 7 19 9 15 21 5 22 13 0 1 2
413 9 7 19 9 15 21 5 22 13 0
414 9 7 19 9 15 21 5 22 13 0
415 10 7 19 9 15 21 5 22 13 0 1
416 9 7 19 9 15 21 5 22 13 0
417 9 7 19 9 15 21 5 22 13 0
418 11 7 19 9 15 21 5 22 13 0 1 2
419 10 7 19 9 15 21 5 22 13 0 1
420 9 7 19 9 15 21 5 22 13 0
421 9 7 19 9 15 21 5 22 13 0
422 11 7 19 9 15 21 5 22 13 0 1 2
423 9 7 19 9 15 21 5 22 13 0
424 6 7 19 9 15 21 5
425 5 7 19 9 15 21
426 9 7 19 9 15 21 5 22 13 0
427 10 7 19 9 15 21 5 22 13 0 1
428 9 7 19 9 15 21 5 22 13 0
429 9 7 19 9 15 21 5 22 13 0
430 10 7 19 9 15 21 5 22 13 0 1
431 10 7 19 9 15 21 5 22 13 0 1
432 9 7 19 9 15 21 5 22 13 0
433 10 7 19 9 15 21 5 22 13 0 1
434 10 7 19 9 15 21 5 22 13 0 1
435 10 7 19 9 15 21 5 22 13 0 1
436 10 7 19 9 15 21 5 22 13 0 1
437 5 7 19 9 15 21
438 9 7 19 9 15 21 5 22 13 0
439 9 7 19 9 15 21 5 22 13 0
440 9 7 19 9 15 21 5 22 13 0
441 9 7 19 9 15 21 5 22 13 0
442 10 7 19 9 15 21 5 22 13 0 1
443 10 7 19 9 15 21 5 22 13 0 1
444 10 7 19 9 15 21 5 22 13 0 1
445 10 7 19 9 15 21 5 22 13 0 1
446 9 7 19 9 15 21 5 22 13 0
447 11 7 19 9 15 21 5 22 13 0 1 2
448 5 7 19 9 15 21
449 9 7 19 9 15 21 5 22 13 0
450 11 7 19 9 15 21 5 22 13 0 1 2
451 9 7 19 9 15 21 5 22 13 0
452 9 7 19 9 15 21 5 22 13 0
453 11 7 19 9 15 21 5 22 13 0 1 2
454 9 7 19 9 15 21 5 22 13 0
455 10 7 19 9 15 21 5 22 13 0 1
456 8 7 19 9 15 21 5 22 13
457 9 7 19 9 15 21 5 22 13 0
458 10 7 19 9 15 21 5 22 13 0 1
459 11 7 19 9 15 21 5 22 13 0 1 2
460 10 7 19 9 15 21 5 22 13 0 1
461 9 7 19 9 15 21 5 22 13 0
462 10 7 19 9 15 21 5 22 13 0 1
463 10 7 19 9 15 21 5 22 13 0 1
464 9 7 19 9 15 21 5 22 13 0
465 9 7 19 9 15 21 5 22 13 0
466 9 7 19 9 15 21 5 22 13 0
467 6 7 19 9 15 21 5
468 5 7 19 9 15 21
469 9 7 19 9 15 21 5 22 13 0
470 9 7 19 9 15 21 5 22 13 0
471 9 7 19 9 15 21 5 22 13 0
472 10 7 19 9 15 21 5 22 13 0 1
473 10 7 19 9 15 21 5 22 13 0 1
474 8 7 19 9 15 21 5 22 13
475 7 7 19 9 15 21 5 22
476 9 7 19 9 15 21 5 22 13 0
477 11 7 19 9 15 21 5 22 13 0 1 2
478 10 7 19 9 15 21 5 22 13 0 1
479 9 7 19 9 15 21 5 22 13 0
480 10 7 19 9 15 21 5 22 13 0 1
481 10 7 19 9 15 21 5 22 13 0 1
482 9 7 19 9 15 21 5 22 13 0
483 10 7 19 9 15 21 5 22 13 0 1
484 9 7 19 9 15 21 5 22 13 0
485 11 7 19 9 15 21 5 22 13 0 1 2
486 6 7 19 9 15 21 5
487 5 7 19 9 15 21
488 9 7 19 9 15 21 5 22 13 0
489 9 7 19 9 15 21 5 22 13 0
490 9 7 19 9 15 21 5 22 13 0
491 10 7 19 9 15 21 5 22 13 0 1
492 9 7 19 9 15 21 5 22 13 0
493 7 7 19 9 15 21 5 22
494 10 7 19 9 15 21 5 22 13 0 1
495 9 7 19 9 15 21 5 22 13 0
496 10 7 19 9 15 21 5 22 13 0 1
497 10 7 19 9 15 21 5 22 13 0 1
498 10 7 19 9 15 21 5 22 13 0 1
499 10 7 19 9 15 21 5 22 13 0 1
