0 6 13 16 12 18 14 6
1 0
2 0
3 3 13 16 12
4 0
5 0
6 0
7 0
8 1 13
9 1 13
10 0
11 0
12 2 13 16
13 1 13
14 0
15 4 13 12 16 18
16 1 13
17 0
18 2 13 16
19 0
20 0
21 2 13 16
22 0
23 0
24 1 13
25 0
26 0
27 1 13
28 2 13 16
29 0
30 2 13 16
31 0
32 0
33 2 13 16
34 0
35 0
36 2 13 16
37 1 13
38 0
39 0
40 0
41 0
42 2 13 16
43 0
44 2 13 16
45 1 16
46 0
47 0
48 2 13 16
49 0
50 0
51 0
52 1 13
53 1 13
54 0
55 0
56 2 13 16
57 2 13 16
58 0
59 0
60 3 13 16 12
61 0
62 0
63 2 13 16
64 2 13 16
65 0
66 0
67 0
68 0
69 2 13 16
70 0
71 0
72 4 13 16 12 18
73 0
74 0
75 0
76 2 13 16
77 0
78 0
79 0
80 1 13
81 2 13 16
82 0
83 0
84 2 13 16
85 2 13 16
86 0
87 0
88 2 13 16
89 2 13 16
90 0
91 0
92 2 13 16
93 0
94 0
95 0
96 0
97 4 13 16 12 18
98 0
99 0
