0 2 19 0
1 2 19 27
2 1 19
3 6 19 29 34 0 23 27
4 1 19
5 0
6 1 19
7 1 19
8 1 19
9 5 19 34 29 0 27
10 1 19
11 1 19
12 0
13 1 19
14 0
15 1 19
16 1 19
17 0
18 3 19 34 29
19 1 19
20 1 19
21 0
22 10 19 29 0 34 23 13 27 4 9 10
23 0
24 0
25 0
26 0
27 3 19 34 29
28 2 19 34
29 3 19 34 29
30 8 19 29 34 0 23 27 13 4
31 1 19
32 0
33 0
34 1 19
35 1 19
36 0
37 5 19 34 29 0 27
38 2 19 34
39 0
40 0
41 10 19 29 0 34 23 13 27 4 9 10
42 0
43 0
44 0
45 1 19
46 1 19
47 1 19
48 1 19
49 3 19 34 29
50 1 19
51 0
52 1 19
53 0
54 5 19 34 29 0 27
55 0
56 3 19 34 29
57 1 19
58 0
59 5 19 34 29 0 27
60 5 19 34 29 0 27
61 0
62 1 19
63 1 19
64 0
65 5 19 29 34 0 27
66 0
67 10 19 29 0 34 23 13 27 4 9 10
68 0
69 0
70 0
71 1 19
72 0
73 0
74 6 19 29 34 0 23 27
75 1 19
76 1 19
77 0
78 6 19 29 34 0 23 27
79 0
80 0
81 0
82 0
83 1 19
84 1 19
85 5 19 34 29 0 27
86 10 19 29 0 34 23 13 27 4 9 10
87 0
88 0
89 0
90 0
91 0
92 1 19
93 5 19 34 29 0 27
94 5 19 34 29 0 27
95 1 19
96 0
97 1 19
98 0
99 1 19
100 0
101 1 19
102 1 19
103 0
104 6 19 29 34 0 23 27
105 3 19 34 29
106 0
107 0
108 0
109 0
110 1 19
111 1 19
112 5 19 34 29 0 27
113 5 19 34 29 0 27
114 1 19
115 0
116 1 19
117 1 19
118 0
119 1 19
120 1 19
121 4 19 34 29 27
122 0
123 5 19 34 29 0 27
124 0
125 1 19
126 0
127 0
128 0
129 1 19
130 1 19
131 1 19
132 10 19 29 0 34 23 13 27 4 9 10
133 1 19
134 0
135 0
136 0
137 0
138 0
139 1 19
140 1 19
141 14 19 29 0 34 23 4 13 27 9 15 10 12 24 20
142 3 19 34 29
143 0
144 0
145 0
146 0
147 0
148 0
149 1 19
150 5 19 34 29 0 27
151 3 19 34 29
152 10 19 29 0 34 23 13 27 4 9 10
153 1 19
154 0
155 0
156 0
157 0
158 0
159 1 19
160 1 19
161 10 19 29 0 34 23 13 4 27 9 10
162 1 19
163 5 19 34 29 0 27
164 0
165 0
166 0
167 0
168 0
169 5 19 34 29 0 27
170 1 19
171 1 19
172 8 19 29 34 0 23 27 13 4
173 5 19 34 29 0 27
174 0
175 0
176 0
177 0
178 0
179 0
180 8 19 29 0 34 23 13 27 4
181 5 19 34 29 0 27
182 1 19
183 3 19 34 29
184 0
185 0
186 0
187 0
188 1 19
189 0
190 1 19
191 3 19 34 29
192 10 19 29 0 34 23 13 27 4 9 10
193 0
194 0
195 0
196 0
197 0
198 0
199 10 19 29 0 34 23 13 4 27 9 10
200 1 19
201 5 19 34 29 0 27
202 0
203 2 19 34
204 1 19
205 0
206 0
207 1 19
208 0
209 0
210 3 19 34 29
211 5 19 34 29 0 27
212 0
213 1 19
214 1 19
215 0
216 0
217 5 19 34 29 0 27
218 0
219 1 19
220 2 19 34
221 10 19 29 0 34 23 13 27 4 9 10
222 0
223 1 19
224 0
225 0
226 1 19
227 0
228 0
229 10 19 29 0 34 23 13 4 27 9 10
230 3 19 34 29
231 0
232 1 19
233 1 19
234 1 19
235 0
236 1 19
237 1 19
238 0
239 1 19
240 3 19 34 29
241 5 19 34 29 0 27
242 0
243 1 19
244 1 19
245 0
246 0
247 10 19 29 0 34 23 13 27 4 9 10
248 0
249 0
250 1 19
251 1 19
252 1 19
253 0
254 17 19 0 29 34 23 4 13 27 9 15 10 12 30 24 17 20 25
255 0
256 0
257 0
258 0
259 0
260 1 19
261 1 19
262 10 19 29 0 34 23 13 27 4 9 10
263 0
264 5 19 34 29 0 27
265 0
266 0
267 0
268 0
269 5 19 34 29 0 27
270 0
271 5 19 29 34 0 27
272 0
273 5 19 34 29 0 27
274 0
275 1 19
276 0
277 1 19
278 1 19
279 0
280 0
281 1 19
282 5 19 34 29 0 27
283 0
284 5 19 34 29 0 27
285 0
286 0
287 0
288 0
289 6 19 29 34 0 23 27
290 1 19
291 2 19 34
292 1 19
293 10 19 29 0 34 23 13 27 4 9 10
294 0
295 1 19
296 0
297 0
298 0
299 0
300 0
301 10 19 29 0 34 23 13 4 27 9 10
302 1 19
303 0
304 1 19
305 1 19
306 0
307 0
308 1 19
309 1 19
310 0
311 10 19 29 0 34 23 13 4 27 9 10
312 1 19
313 0
314 0
315 0
316 5 19 34 29 0 27
317 0
318 0
319 6 19 29 34 0 23 27
320 1 19
321 0
322 1 19
323 1 19
324 6 19 29 34 0 23 27
325 0
326 2 19 34
327 0
328 0
329 0
330 1 19
331 1 19
332 3 19 34 29
333 0
334 10 19 29 0 34 23 13 27 4 9 10
335 0
336 0
337 0
338 0
339 1 19
340 0
341 3 19 34 29
342 1 19
343 6 19 29 34 0 23 27
344 0
345 1 19
346 1 19
347 1 19
348 0
349 6 19 29 34 0 23 27
350 2 19 34
351 0
352 0
353 1 19
354 1 19
355 1 19
356 6 19 29 34 0 23 27
357 1 19
358 0
359 1 19
360 0
361 1 19
362 0
363 10 19 29 0 34 23 13 27 4 9 10
364 0
365 1 19
366 0
367 2 19 34
368 5 19 34 29 0 27
369 0
370 1 19
371 0
372 0
373 5 19 34 29 0 27
374 0
375 5 19 34 29 0 27
376 1 19
377 1 19
378 1 19
379 0
380 3 19 34 29
381 0
382 0
383 5 19 34 29 0 27
384 1 19
385 0
386 0
387 6 19 29 34 0 23 27
388 1 19
389 0
390 0
391 1 19
392 5 19 34 29 0 27
393 0
394 10 19 29 0 34 23 13 4 27 9 10
395 0
396 0
397 0
398 0
399 1 19
400 0
401 1 19
402 2 19 34
403 2 19 34
404 2 19 34
405 1 19
406 5 19 34 29 0 27
407 0
408 0
409 0
410 0
411 0
412 5 19 34 29 0 27
413 6 19 29 34 0 23 27
414 0
415 10 19 29 0 34 23 13 4 27 9 10
416 0
417 1 19
418 0
419 5 19 34 29 0 27
420 0
421 0
422 1 19
423 0
424 1 19
425 1 19
426 6 19 29 34 0 23 27
427 0
428 0
429 0
430 0
431 1 19
432 1 19
433 2 19 34
434 5 19 34 29 0 27
435 1 19
436 0
437 1 19
438 1 19
439 1 19
440 0
441 10 19 29 0 34 23 13 4 27 9 10
442 0
443 0
444 0
445 1 19
446 0
447 5 19 34 29 0 27
448 1 19
449 5 19 34 29 0 27
450 0
451 1 19
452 0
453 3 19 34 29
454 0
455 2 19 34
456 1 19
457 1 19
458 0
459 10 19 29 0 34 23 13 4 27 9 10
460 0
461 0
462 0
463 0
464 0
465 2 19 34
466 1 19
467 10 19 29 0 34 23 13 4 27 9 10
468 1 19
469 1 19
470 0
471 1 19
472 1 19
473 0
474 1 19
475 1 19
476 1 19
477 0
478 5 19 34 29 0 27
479 1 19
480 0
481 0
482 0
483 5 19 34 29 0 27
484 0
485 1 19
486 5 19 34 29 0 27
487 5 19 34 29 0 27
488 1 19
489 0
490 0
491 0
492 4 19 34 29 27
493 0
494 4 19 34 29 27
495 0
496 1 19
497 1 19
498 0
499 10 19 29 0 34 23 13 27 4 9 10
500 0
501 0
502 0
503 0
504 3 19 34 29
505 0
506 2 19 34
507 3 19 34 29
508 0
509 1 19
510 1 19
511 0
512 3 19 34 29
513 3 19 34 29
514 1 19
515 0
516 1 19
517 3 19 34 29
518 0
519 10 19 29 0 34 23 13 27 4 9 10
520 0
521 1 19
522 0
523 1 19
524 5 19 34 29 0 27
525 0
526 1 19
527 3 19 34 29
528 2 19 34
529 1 19
530 1 19
531 5 19 34 29 0 27
532 0
533 1 19
534 0
535 1 19
536 0
537 5 19 34 29 0 27
538 1 19
539 1 19
540 1 19
541 5 19 34 29 0 27
542 0
543 1 19
544 0
545 0
546 5 19 34 29 0 27
547 0
548 4 19 34 29 27
549 0
550 10 19 29 0 34 23 13 4 27 9 10
551 0
552 0
553 0
554 0
555 0
556 0
557 3 19 34 29
558 6 19 29 34 0 23 27
559 1 19
560 0
561 1 19
562 0
563 0
564 0
565 0
566 8 19 29 34 0 23 27 13 4
567 0
568 10 19 29 0 34 23 13 27 4 9 10
569 0
570 1 19
571 0
572 0
573 2 19 34
574 0
575 0
576 6 19 29 34 0 23 27
577 8 19 29 34 0 23 27 13 4
578 0
579 0
580 1 19
581 0
582 0
583 5 19 34 29 0 27
584 0
585 0
586 1 19
587 6 19 29 34 0 23 27
588 1 19
589 1 19
590 1 19
591 0
592 0
593 0
594 1 19
595 1 19
596 10 19 29 0 34 23 13 27 4 9 10
597 1 19
598 1 19
599 0
600 0
601 0
602 0
603 0
604 6 19 29 34 0 23 27
605 1 19
606 10 19 29 0 34 23 13 27 4 9 10
607 0
608 1 19
609 0
610 0
611 0
612 0
613 1 19
614 0
615 22 19 0 29 34 23 4 9 13 27 15 10 12 30 17 24 20 25 31 14 28 18 11
616 0
617 3 19 34 29
618 0
619 0
620 0
621 0
622 0
623 3 19 34 29
624 6 19 29 34 0 23 27
625 6 19 29 34 0 23 27
626 3 19 34 29
627 0
628 1 19
629 0
630 1 19
631 0
632 1 19
633 1 19
634 5 19 34 29 0 27
635 0
636 1 19
637 0
638 0
639 0
640 1 19
641 0
642 0
643 8 19 29 0 34 23 13 27 4
644 4 19 34 29 27
645 0
646 5 19 34 29 0 27
647 0
648 1 19
649 0
650 1 19
651 6 19 29 34 0 23 27
652 1 19
653 5 19 34 29 0 27
654 0
655 1 19
656 1 19
657 0
658 0
659 1 19
660 1 19
661 0
662 1 19
663 5 19 34 29 0 27
664 0
665 5 19 34 29 0 27
666 0
667 0
668 1 19
669 0
670 10 19 29 0 34 23 13 27 4 9 10
671 0
672 3 19 34 29
673 0
674 6 19 29 34 0 23 27
675 0
676 1 19
677 0
678 1 19
679 2 19 34
680 2 19 34
681 0
682 6 19 29 34 0 23 27
683 0
684 1 19
685 0
686 0
687 0
688 6 19 29 34 0 23 27
689 1 19
690 2 19 34
691 0
692 10 19 29 0 34 23 13 27 4 9 10
693 0
694 0
695 0
696 0
697 0
698 0
699 5 19 34 29 0 27
700 5 19 34 29 0 27
701 2 19 34
702 0
703 3 19 34 29
704 0
705 1 19
706 0
707 1 19
708 0
709 1 19
710 5 19 34 29 0 27
711 1 19
712 1 19
713 1 19
714 0
715 0
716 0
717 1 19
718 1 19
719 3 19 34 29
720 10 19 29 0 34 23 13 4 27 9 10
721 1 19
722 1 19
723 0
724 0
725 0
726 0
727 0
728 1 19
729 10 19 29 0 34 23 13 27 4 9 10
730 0
731 6 19 29 34 0 23 27
732 0
733 0
734 0
735 0
736 1 19
737 0
738 8 19 29 34 0 23 27 13 4
739 5 19 34 29 0 27
740 1 19
741 0
742 0
743 1 19
744 0
745 1 19
746 0
747 10 19 29 0 34 23 13 27 4 9 10
748 0
749 1 19
750 0
751 1 19
752 1 19
753 0
754 2 19 34
755 0
756 0
757 2 19 34
758 1 19
759 3 19 34 29
760 1 19
761 5 19 29 34 0 27
762 1 19
763 0
764 0
765 1 19
766 1 19
767 1 19
768 6 19 29 34 0 23 27
769 5 19 34 29 0 27
770 0
771 1 19
772 0
773 0
774 8 19 29 34 0 23 27 13 4
775 0
776 6 19 29 34 0 23 27
777 0
778 1 19
779 0
780 10 19 29 0 34 23 13 27 4 9 10
781 0
782 0
783 0
784 0
785 0
786 1 19
787 1 19
788 6 19 29 34 0 23 27
789 1 19
790 1 19
791 0
792 1 19
793 0
794 1 19
795 0
796 10 19 29 0 34 23 13 27 4 9 10
797 0
798 0
799 1 19
800 1 19
801 1 19
802 0
803 10 19 29 0 34 23 13 27 4 9 10
804 0
805 0
806 0
807 1 19
808 1 19
809 3 19 34 29
810 0
811 5 19 34 29 0 27
812 0
813 0
814 0
815 10 19 29 0 34 23 13 27 4 9 10
816 0
817 0
818 1 19
819 0
820 1 19
821 0
822 10 19 29 0 34 23 13 4 27 9 10
823 0
824 0
825 1 19
826 0
827 0
828 1 19
829 0
830 8 19 29 34 0 23 27 13 4
831 1 19
832 1 19
833 2 19 34
834 0
835 10 19 29 0 34 23 13 27 4 9 10
836 0
837 0
838 0
839 0
840 1 19
841 0
842 6 19 29 34 0 23 27
843 3 19 34 29
844 0
845 1 19
846 0
847 5 19 34 29 0 27
848 0
849 6 19 29 34 0 23 27
850 0
851 1 19
852 0
853 5 19 34 29 0 27
854 1 19
855 0
856 1 19
857 0
858 10 19 29 0 34 23 13 4 27 9 10
859 0
860 0
861 0
862 0
863 3 19 34 29
864 0
865 6 19 29 34 0 23 27
866 1 19
867 1 19
868 0
869 2 19 34
870 0
871 1 19
872 0
873 2 19 34
874 1 19
875 0
876 10 19 29 0 34 23 13 27 4 9 10
877 0
878 0
879 0
880 0
881 3 19 34 29
882 0
883 6 19 29 34 0 23 27
884 5 19 34 29 0 27
885 1 19
886 0
887 0
888 2 19 34
889 1 19
890 0
891 10 19 29 0 34 23 13 27 4 9 10
892 0
893 0
894 0
895 0
896 5 19 34 29 0 27
897 0
898 1 19
899 1 19
900 0
901 5 19 29 34 0 27
902 1 19
903 1 19
904 0
905 3 19 34 29
906 1 19
907 1 19
908 0
909 6 19 29 34 0 23 27
910 0
911 0
912 1 19
913 1 19
914 1 19
915 1 19
916 2 19 34
917 1 19
918 0
919 1 19
920 0
921 5 19 34 29 0 27
922 0
923 2 19 34
924 1 19
925 1 19
926 1 19
927 1 19
928 6 19 29 34 0 23 27
929 0
930 1 19
931 0
932 0
933 5 19 34 29 0 27
934 3 19 34 29
935 0
936 1 19
937 1 19
938 5 19 34 29 0 27
939 0
940 8 19 29 34 0 23 27 13 4
941 1 19
942 0
943 0
944 1 19
945 0
946 1 19
947 5 19 34 29 0 27
948 1 19
949 4 19 34 29 27
950 0
951 3 19 34 29
952 0
953 0
954 0
955 5 19 34 29 0 27
956 0
957 6 19 29 34 0 23 27
958 0
959 6 19 29 34 0 23 27
960 0
961 1 19
962 0
963 3 19 34 29
964 0
965 5 19 34 29 0 27
966 0
967 4 19 34 29 27
968 0
969 0
970 1 19
971 0
972 0
973 0
974 1 19
975 2 19 34
976 5 19 34 29 0 27
977 2 19 34
978 10 19 29 0 34 23 13 27 4 9 10
979 0
980 0
981 0
982 0
983 0
984 1 19
985 5 19 34 29 0 27
986 1 19
987 1 19
988 1 19
989 5 19 34 29 0 27
990 0
991 0
992 0
993 0
994 1 19
995 1 19
996 6 19 29 34 0 23 27
997 6 19 29 34 0 23 27
998 0
999 1 19
1000 0
1001 1 19
1002 0
1003 6 19 29 34 0 23 27
1004 1 19
1005 1 19
1006 0
1007 1 19
1008 1 19
1009 1 19
1010 1 19
1011 1 19
1012 0
1013 0
1014 1 19
1015 0
1016 10 19 29 0 34 23 13 27 4 9 10
1017 0
1018 2 19 34
1019 0
1020 1 19
1021 0
1022 1 19
1023 1 19
1024 10 19 29 0 34 23 13 27 4 9 10
1025 0
1026 6 19 29 34 0 23 27
1027 0
1028 0
1029 0
1030 0
1031 1 19
1032 5 19 34 29 0 27
1033 1 19
1034 1 19
1035 10 19 29 0 34 23 13 27 4 9 10
1036 0
1037 1 19
1038 0
1039 0
1040 0
1041 0
1042 1 19
1043 5 19 34 29 0 27
1044 1 19
1045 1 19
1046 5 19 34 29 0 27
1047 0
1048 1 19
1049 0
1050 0
1051 5 19 34 29 0 27
1052 0
1053 5 19 34 29 0 27
1054 0
1055 3 19 34 29
1056 1 19
1057 1 19
1058 2 19 34
1059 1 19
1060 0
1061 1 19
1062 0
1063 3 19 34 29
1064 0
1065 10 19 29 0 34 23 13 27 4 9 10
1066 0
1067 0
1068 0
1069 0
1070 0
1071 0
1072 10 19 29 0 34 23 13 4 27 9 10
1073 1 19
1074 1 19
1075 1 19
1076 1 19
1077 5 19 34 29 0 27
1078 0
1079 0
1080 0
1081 1 19
1082 0
1083 3 19 34 29
1084 10 19 29 0 34 23 13 27 4 9 10
1085 0
1086 0
1087 0
1088 0
1089 0
1090 1 19
1091 5 19 34 29 0 27
1092 1 19
1093 1 19
1094 0
1095 6 19 29 34 0 23 27
1096 0
1097 5 19 34 29 0 27
1098 0
1099 0
1100 1 19
1101 0
1102 8 19 29 34 0 23 27 13 4
1103 5 19 34 29 0 27
1104 3 19 34 29
1105 0
1106 1 19
1107 0
1108 1 19
1109 0
1110 10 19 29 0 34 23 13 27 4 9 10
1111 0
1112 0
1113 0
1114 0
1115 2 19 34
1116 0
1117 5 19 34 29 0 27
1118 1 19
1119 0
1120 2 19 34
1121 0
1122 12 19 29 0 34 23 4 13 27 9 10 15 12
1123 0
1124 0
1125 0
1126 1 19
1127 0
1128 3 19 34 29
1129 5 19 34 29 0 27
1130 0
1131 1 19
1132 0
1133 1 19
1134 1 19
1135 5 19 34 29 0 27
1136 0
1137 1 19
1138 1 19
1139 0
1140 0
1141 10 19 29 0 34 23 13 4 27 9 10
1142 0
1143 0
1144 0
1145 1 19
1146 1 19
1147 1 19
1148 10 19 29 0 34 23 13 27 4 9 10
1149 0
1150 0
1151 0
1152 0
1153 0
1154 1 19
1155 3 19 34 29
1156 1 19
1157 6 19 29 34 0 23 27
1158 1 19
1159 0
1160 0
1161 1 19
1162 0
1163 0
1164 10 19 29 0 34 23 13 27 4 9 10
1165 0
1166 0
1167 0
1168 1 19
1169 2 19 34
1170 1 19
1171 3 19 34 29
1172 3 19 34 29
1173 0
1174 4 19 34 29 27
1175 0
1176 0
1177 1 19
1178 1 19
1179 2 19 34
1180 3 19 34 29
1181 1 19
1182 0
1183 10 19 29 0 34 23 13 27 4 9 10
1184 0
1185 1 19
1186 0
1187 2 19 34
1188 0
1189 0
1190 1 19
1191 1 19
1192 0
1193 6 19 29 34 0 23 27
1194 5 19 34 29 0 27
1195 0
1196 1 19
1197 0
1198 1 19
1199 0
1200 1 19
1201 5 19 34 29 0 27
1202 0
1203 2 19 34
1204 2 19 34
1205 1 19
1206 1 19
1207 0
1208 1 19
1209 0
1210 0
1211 1 19
1212 1 19
1213 10 19 29 0 34 23 13 27 4 9 10
1214 0
1215 3 19 34 29
1216 0
1217 0
1218 0
1219 0
1220 5 19 34 29 0 27
1221 1 19
1222 5 19 34 29 0 27
1223 1 19
1224 0
1225 10 19 29 0 34 23 13 27 4 9 10
1226 0
1227 0
1228 0
1229 1 19
1230 0
1231 5 19 29 34 0 27
1232 1 19
1233 8 19 29 34 0 23 27 13 4
1234 0
1235 0
1236 0
1237 0
1238 1 19
1239 0
1240 10 19 29 0 34 23 13 27 4 9 10
1241 0
1242 2 19 34
1243 0
1244 1 19
1245 1 19
1246 0
1247 1 19
1248 0
1249 1 19
1250 1 19
1251 3 19 34 29
1252 1 19
1253 1 19
1254 5 19 34 29 0 27
1255 0
1256 0
1257 0
1258 0
1259 8 19 29 34 0 23 27 13 4
1260 1 19
1261 5 19 34 29 0 27
1262 0
1263 12 19 29 0 34 23 4 13 27 9 10 15 12
1264 0
1265 0
1266 0
1267 1 19
1268 1 19
1269 0
1270 5 19 34 29 0 27
1271 1 19
1272 0
1273 0
1274 6 19 29 34 0 23 27
1275 0
1276 0
1277 0
1278 1 19
1279 0
1280 6 19 29 34 0 23 27
1281 1 19
1282 10 19 29 0 34 23 13 27 4 9 10
1283 0
1284 0
1285 0
1286 0
1287 1 19
1288 0
1289 10 19 29 0 34 23 13 27 4 9 10
1290 0
1291 5 19 34 29 0 27
1292 0
1293 1 19
1294 0
1295 1 19
1296 0
1297 1 19
1298 0
1299 3 19 34 29
1300 0
1301 1 19
1302 10 19 29 0 34 23 13 27 4 9 10
1303 0
1304 0
1305 0
1306 0
1307 0
1308 0
1309 2 19 34
1310 3 19 34 29
1311 5 19 34 29 0 27
1312 1 19
1313 5 19 34 29 0 27
1314 0
1315 1 19
1316 0
1317 1 19
1318 0
1319 10 19 29 0 34 23 13 27 4 9 10
1320 0
1321 6 19 29 34 0 23 27
1322 0
1323 0
1324 5 19 34 29 0 27
1325 0
1326 0
1327 1 19
1328 1 19
1329 1 19
1330 3 19 34 29
1331 1 19
1332 10 19 29 0 34 23 13 27 4 9 10
1333 0
1334 0
1335 0
1336 0
1337 0
1338 0
1339 3 19 34 29
1340 1 19
1341 1 19
1342 10 19 29 0 34 23 13 27 4 9 10
1343 1 19
1344 0
1345 0
1346 0
1347 0
1348 1 19
1349 0
1350 12 19 29 0 34 23 4 13 27 9 10 15 12
1351 1 19
1352 1 19
1353 0
1354 3 19 34 29
1355 0
1356 0
1357 0
1358 5 19 29 34 0 27
1359 0
1360 1 19
1361 2 19 34
1362 2 19 34
1363 6 19 29 34 0 23 27
1364 0
1365 1 19
1366 0
1367 0
1368 1 19
1369 6 19 29 34 0 23 27
1370 1 19
1371 1 19
1372 1 19
1373 0
1374 1 19
1375 0
1376 0
1377 3 19 34 29
1378 1 19
1379 1 19
1380 1 19
1381 8 19 29 34 0 23 27 13 4
1382 1 19
1383 0
1384 0
1385 0
1386 1 19
1387 1 19
1388 2 19 34
1389 5 19 34 29 0 27
1390 5 19 34 29 0 27
1391 0
1392 0
1393 0
1394 1 19
1395 0
1396 1 19
1397 10 19 29 0 34 23 13 27 4 9 10
1398 0
1399 1 19
1400 0
1401 1 19
1402 0
1403 0
1404 1 19
1405 1 19
1406 3 19 34 29
1407 0
1408 15 19 29 0 34 23 4 13 27 9 15 10 12 24 20 17
1409 0
1410 0
1411 0
1412 0
1413 1 19
1414 0
1415 2 19 34
1416 5 19 34 29 0 27
1417 0
1418 5 19 34 29 0 27
1419 0
1420 2 19 34
1421 0
1422 0
1423 1 19
1424 2 19 34
1425 1 19
1426 1 19
1427 1 19
1428 5 19 34 29 0 27
1429 0
1430 1 19
1431 0
1432 0
1433 1 19
1434 0
1435 8 19 29 34 0 23 27 13 4
1436 0
1437 3 19 34 29
1438 1 19
1439 1 19
1440 1 19
1441 8 19 29 34 0 23 27 13 4
1442 0
1443 0
1444 0
1445 1 19
1446 0
1447 5 19 34 29 0 27
1448 2 19 34
1449 1 19
1450 0
1451 0
1452 2 19 34
1453 0
1454 3 19 34 29
1455 0
1456 18 19 0 29 34 23 4 13 27 9 15 10 12 30 24 17 20 14 25
1457 0
1458 0
1459 0
1460 1 19
1461 0
1462 1 19
1463 1 19
1464 10 19 29 0 34 23 13 27 4 9 10
1465 0
1466 1 19
1467 0
1468 1 19
1469 0
1470 1 19
1471 0
1472 6 19 29 34 0 23 27
1473 0
1474 0
1475 3 19 34 29
1476 5 19 34 29 0 27
1477 0
1478 0
1479 5 19 29 34 0 27
1480 0
1481 0
1482 1 19
1483 2 19 34
1484 1 19
1485 1 19
1486 5 19 34 29 0 27
1487 0
1488 0
1489 0
1490 0
1491 1 19
1492 0
1493 10 19 29 0 34 23 13 27 4 9 10
1494 0
1495 1 19
1496 0
1497 2 19 34
1498 0
1499 6 19 29 34 0 23 27
1500 0
1501 1 19
1502 0
1503 5 19 34 29 0 27
1504 1 19
1505 1 19
1506 0
1507 10 19 29 0 34 23 13 27 4 9 10
1508 0
1509 0
1510 0
1511 0
1512 1 19
1513 0
1514 5 19 34 29 0 27
1515 6 19 29 34 0 23 27
1516 1 19
1517 0
1518 0
1519 1 19
1520 0
1521 0
1522 4 19 34 29 27
1523 5 19 34 29 0 27
1524 0
1525 1 19
1526 4 19 34 29 27
1527 1 19
1528 0
1529 1 19
1530 0
1531 0
1532 1 19
1533 0
1534 10 19 29 0 34 23 13 27 4 9 10
1535 1 19
1536 0
1537 0
1538 1 19
1539 0
1540 0
1541 0
1542 10 19 29 0 34 23 13 4 27 9 10
1543 0
1544 0
1545 5 19 34 29 0 27
1546 1 19
1547 0
1548 1 19
1549 0
1550 1 19
1551 0
1552 3 19 34 29
1553 6 19 29 34 0 23 27
1554 2 19 34
1555 1 19
1556 1 19
1557 1 19
1558 0
1559 0
1560 0
1561 1 19
1562 1 19
1563 10 19 29 0 34 23 13 27 4 9 10
1564 1 19
1565 1 19
1566 0
1567 0
1568 1 19
1569 0
1570 1 19
1571 1 19
1572 6 19 29 34 0 23 27
1573 1 19
1574 1 19
1575 2 19 34
1576 0
1577 0
1578 5 19 34 29 0 27
1579 0
1580 0
1581 4 19 34 29 27
1582 1 19
1583 3 19 34 29
1584 5 19 34 29 0 27
1585 1 19
1586 0
1587 0
1588 0
1589 1 19
1590 0
1591 10 19 29 0 34 23 13 27 4 9 10
1592 1 19
1593 1 19
1594 0
1595 0
1596 0
1597 1 19
1598 0
1599 5 19 34 29 0 27
1600 3 19 34 29
1601 0
1602 8 19 29 0 34 23 13 27 4
1603 0
1604 10 19 29 0 34 23 13 27 4 9 10
1605 0
1606 0
1607 1 19
1608 0
1609 5 19 34 29 0 27
1610 1 19
1611 5 19 29 34 0 27
1612 0
1613 0
1614 4 19 34 29 27
1615 0
1616 0
1617 0
1618 5 19 34 29 0 27
1619 0
1620 1 19
1621 0
1622 10 19 29 0 34 23 13 27 4 9 10
1623 0
1624 0
1625 0
1626 0
1627 1 19
1628 0
1629 1 19
1630 10 19 29 0 34 23 13 27 4 9 10
1631 1 19
1632 0
1633 0
1634 1 19
1635 1 19
1636 0
1637 6 19 29 34 0 23 27
1638 1 19
1639 0
1640 0
1641 10 19 29 0 34 23 13 27 4 9 10
1642 0
1643 0
1644 0
1645 1 19
1646 0
1647 0
1648 14 19 29 0 34 23 4 13 27 9 15 10 12 24 20
1649 0
1650 5 19 34 29 0 27
1651 0
1652 0
1653 0
1654 0
1655 0
1656 1 19
1657 2 19 34
1658 2 19 34
1659 8 19 29 34 0 23 27 13 4
1660 5 19 29 34 0 27
1661 0
1662 0
1663 0
1664 0
1665 0
1666 1 19
1667 1 19
1668 10 19 29 0 34 23 13 27 4 9 10
1669 1 19
1670 5 19 34 29 0 27
1671 0
1672 0
1673 0
1674 0
1675 0
1676 0
1677 10 19 29 0 34 23 13 4 27 9 10
1678 0
1679 1 19
1680 3 19 34 29
1681 0
1682 0
1683 4 19 34 29 27
1684 0
1685 0
1686 0
1687 1 19
1688 2 19 34
1689 1 19
1690 16 19 0 29 34 23 4 13 27 9 15 10 12 24 30 17 20
1691 0
1692 1 19
1693 0
1694 0
1695 0
1696 0
1697 1 19
1698 0
1699 15 19 29 0 34 23 4 13 27 9 15 10 12 24 20 17
1700 0
1701 0
1702 1 19
1703 0
1704 1 19
1705 0
1706 10 19 29 0 34 23 13 27 4 9 10
1707 0
1708 0
1709 0
1710 0
1711 3 19 34 29
1712 0
1713 5 19 34 29 0 27
1714 0
1715 5 19 34 29 0 27
1716 0
1717 0
1718 0
1719 1 19
1720 0
1721 10 19 29 0 34 23 13 27 4 9 10
1722 0
1723 1 19
1724 0
1725 0
1726 1 19
1727 0
1728 1 19
1729 0
1730 5 19 34 29 0 27
1731 0
1732 1 19
1733 0
1734 1 19
1735 0
1736 2 19 34
1737 1 19
1738 0
1739 3 19 34 29
1740 0
1741 12 19 29 0 34 23 4 13 27 9 10 15 12
1742 0
1743 1 19
1744 0
1745 1 19
1746 1 19
1747 1 19
1748 1 19
1749 2 19 34
1750 1 19
1751 1 19
1752 0
1753 2 19 34
1754 1 19
1755 0
1756 1 19
1757 0
1758 3 19 34 29
1759 1 19
1760 8 19 29 34 0 23 27 13 4
1761 0
1762 5 19 34 29 0 27
1763 0
1764 0
1765 1 19
1766 5 19 34 29 0 27
1767 1 19
1768 5 19 34 29 0 27
1769 1 19
1770 0
1771 1 19
1772 0
1773 10 19 29 0 34 23 13 27 4 9 10
1774 0
1775 0
1776 0
1777 0
1778 1 19
1779 1 19
1780 0
1781 12 19 29 0 34 23 4 13 27 9 10 15 12
1782 0
1783 0
1784 0
1785 0
1786 1 19
1787 0
1788 6 19 29 34 0 23 27
1789 3 19 34 29
1790 1 19
1791 0
1792 1 19
1793 6 19 29 34 0 23 27
1794 0
1795 0
1796 1 19
1797 1 19
1798 0
1799 10 19 29 0 34 23 13 27 4 9 10
1800 0
1801 2 19 34
1802 0
1803 0
1804 1 19
1805 0
1806 1 19
1807 1 19
1808 3 19 34 29
1809 5 19 34 29 0 27
1810 0
1811 6 19 29 34 0 23 27
1812 0
1813 0
1814 0
1815 5 19 34 29 0 27
1816 0
1817 0
1818 10 19 29 0 34 23 13 27 4 9 10
1819 1 19
1820 0
1821 1 19
1822 1 19
1823 0
1824 1 19
1825 0
1826 3 19 34 29
1827 0
1828 8 19 29 34 0 23 27 13 4
1829 0
1830 4 19 34 29 27
1831 0
1832 0
1833 0
1834 1 19
1835 0
1836 10 19 29 0 34 23 13 27 4 9 10
1837 1 19
1838 0
1839 0
1840 1 19
1841 1 19
1842 0
1843 0
1844 5 19 34 29 0 27
1845 0
1846 0
1847 1 19
1848 3 19 34 29
1849 1 19
1850 0
1851 3 19 34 29
1852 1 19
1853 0
1854 5 19 34 29 0 27
1855 0
1856 5 19 34 29 0 27
1857 0
1858 0
1859 1 19
1860 0
1861 2 19 34
1862 1 19
1863 16 19 0 29 34 23 4 13 27 9 15 10 12 24 30 17 20
1864 0
1865 0
1866 0
1867 0
1868 0
1869 5 19 34 29 0 27
1870 0
1871 1 19
1872 1 19
1873 10 19 29 0 34 23 13 27 4 9 10
1874 0
1875 1 19
1876 0
1877 0
1878 0
1879 3 19 34 29
1880 0
1881 1 19
1882 1 19
1883 1 19
1884 0
1885 5 19 29 34 0 27
1886 0
1887 0
1888 1 19
1889 1 19
1890 0
1891 6 19 29 34 0 23 27
1892 5 19 34 29 0 27
1893 0
1894 1 19
1895 0
1896 12 19 29 0 34 23 4 13 27 9 10 15 12
1897 0
1898 5 19 34 29 0 27
1899 0
1900 0
1901 0
1902 0
1903 1 19
1904 1 19
1905 3 19 34 29
1906 2 19 34
1907 2 19 34
1908 1 19
1909 0
1910 0
1911 0
1912 1 19
1913 0
1914 1 19
1915 6 19 29 34 0 23 27
1916 1 19
1917 4 19 34 29 27
1918 0
1919 5 19 34 29 0 27
1920 0
1921 0
1922 2 19 34
1923 0
1924 5 19 34 29 0 27
1925 1 19
1926 10 19 29 0 34 23 13 4 27 9 10
1927 0
1928 0
1929 1 19
1930 0
1931 0
1932 1 19
1933 0
1934 8 19 29 0 34 23 13 27 4
1935 0
1936 6 19 29 34 0 23 27
1937 0
1938 1 19
1939 0
1940 1 19
1941 1 19
1942 0
1943 6 19 29 34 0 23 27
1944 0
1945 6 19 29 34 0 23 27
1946 0
1947 6 19 29 34 0 23 27
1948 0
1949 0
1950 0
1951 1 19
1952 1 19
1953 1 19
1954 10 19 29 0 34 23 13 27 4 9 10
1955 5 19 34 29 0 27
1956 0
1957 0
1958 0
1959 0
1960 0
1961 0
1962 5 19 34 29 0 27
1963 1 19
1964 5 19 34 29 0 27
1965 0
1966 15 19 29 0 34 23 4 13 27 9 15 10 12 24 20 17
1967 0
1968 0
1969 0
1970 0
1971 0
1972 0
1973 10 19 29 0 34 23 13 27 4 9 10
1974 0
1975 6 19 29 34 0 23 27
1976 0
1977 0
1978 0
1979 0
1980 0
1981 1 19
1982 5 19 34 29 0 27
1983 0
1984 3 19 34 29
1985 0
1986 10 19 29 0 34 23 13 27 4 9 10
1987 0
1988 0
1989 0
1990 0
1991 0
1992 0
1993 1 19
1994 16 19 0 29 34 23 4 13 27 9 15 10 12 24 20 30 17
1995 0
1996 1 19
1997 0
1998 0
1999 0
